["https://www.gutenberg.org/wiki/Adventure_(Bookshelf)" (611 558 559 560 11617 78 6532 2020 8768 1401 8767 90 8754 92 8755 106 8758 85 8753 8761 1184 1257 1259 2609 2681 2710 2759 10743 30324 2166 711 2728 5745 5174 2727 5746 1724 2713 1690 1711 2841 5746 3155 5228 5745 6769 95 1145 2226 2225 215 19678 910 15 10551 10422 18970 5241 5606 4400 5194 11357 6066 19307 5153 5315 6751 60 5805 2785 1752 1947 1965 848 421 589 103 3526 35545 24450 25803 27525 24920)]
["https://www.gutenberg.org/wiki/Africa_(Bookshelf)" (22631 21254 3657 6693 1452 14900 16399 3233 7937 6886 5760 5761 11772 12539 14297 8107 12667 5891 1039 16672 17024 5157 8814 8564 5266 5305 17164 18544 14451 3810 15240 14142 16280 15890 17599 17600 22575 15399 15042 21391 14466 23638 10611 12428 12507 10633 17700 21899 4675 21059 21060 21070 4715 17615 6905 5770 2761 2857 21472 21490 21448 21555 1458 1441 22568 1980)]
["https://www.gutenberg.org/wiki/African_American_Writers_(Bookshelf)" (15398 10448 2095 241 2046 15132 15830 19746 11666 10986 472 11228 15041 11057 31254 15210 15359 35399 15041 15265 408 28844 17700 34915 99 6545 31839 202 23 28183 20923 10431 11030 11137 15263 9941 26507 35399 15041 2376 14976 14977 14975 409)]
["https://www.gutenberg.org/wiki/Ainslee%27s_(Bookshelf)" (27864 27885 47016 47017)]
["https://www.gutenberg.org/wiki/American_Revolutionary_War_(Bookshelf)" (1 6 20046 5 2)]
["https://www.gutenberg.org/wiki/Anarchism_(Bookshelf)" (20677 2162 20715 26600 27118 27262 27341 23428 4341 360 444 689 4602)]
["https://www.gutenberg.org/wiki/Animal_(Bookshelf)" (38013 38315 34984 32605 33687 29816 37632 34094 6052 37959 13249 32036 27887 39471 39472 38687 36504 36903 31558 33650 35490 34044 34579 33852 34131 37009 38207 33874 37856 34523 37742 31513 34787 34672 35838 38032 36903 33560 35490 30321 38398 33543 37350 38440 34554 34949 33967 31334 33574 31830 31221 34604 37823 34326 31050 31175 32653 35413 32505 31293 31011 37809 38308 31240 33508 33966 32947 37512 34954 31570 31621 37566 34449 31574 32817 34371 34546 34781 37787 30000 38233 34337 33044 30221 30626 30103 25874 25983 30666 30523 26656 30511 30552 30677 30965 34294 34165 37210 38077 35968 34429 38003 33137 35241 38956 38956 37894 36473 31987 31751 33125 33412 33029 32018 37901 33558 37215 38032 33545 33935 33914 32855 34556 33531 33558 35062 36922 35118 37530 31458 33710 31136 37122 29122 31280 31035 34848 32159 31448 33915 33648 33507 37753 31683 39372 38004 36036 31325 30942 31084 30998 30997 31147 30916 31220 33364 31679 32350 30217 34532 31109 34446 29688 32426 33639 37450 31491 31674 33578 36285 38959 31249 33566 31141 31951 31224 29563 32623 37317 32679 35542 17966 34437 31235 30898 30999 34836 33653 34314 31046 31149 34412 31025 38441 38366 31020 31148 31040 31152 39396 32189 38290 38356 33434 31730 36653 31089 33509 31267 34315 29141 31088 31063 19550 32376 13325 33629 34101 10843 33721 39674 27975 17748 37151 36844 33659 36286 39396 37101 35490 33527 30243 39674 36970 34110 17748 34063 34076 33830 38032 37122 33915 34437 34093 13249 34098 29196 36830 37595 37199 35006 34353 30533 34311 37317 37151 36844 33648 34340 34501)]
["https://www.gutenberg.org/wiki/Animals-Domestic_(Bookshelf)" (34175 25568 30760 39205 3332 24923 28897 2871 2872 34376 33972 35448 36645 36496 30310 34259 25887 39235 18214 26500 11758 4748 2391 215 32300 19226 21728 7766 31847 30550 2392 2393 24350 38777 37363 25763 14893 30667 32376 37842 37329 35450 32518 37529 24258 23433 32069 27190 38189 32189)]
["https://www.gutenberg.org/wiki/Animals-Wild_(Bookshelf)" (21973 38013 38315 34984 32605 29816 37632 34094 20750 13249 32036 24852 39471 39472 38687 25428 29349 27933 25918 29839 19850 24263 33687 29816 28530 14226 6052 37959 24388 18767 25718 30249 17567 18193 27887 3657 15950 21111 22101 36504 1887 36903 31558 33650 35490 37856 34523 37742 31513 34787 34672 35838 38032 36903 33560 35490 18298 28693)]
["https://www.gutenberg.org/wiki/Animals-Wild_(Bookshelf)-Birds" (25990 1889 3163 37787 38233 30221 30626 30103 25874 25983 30666 30523 26656 30511 30552 30677 30965 34294 34165 27465 21007 16140 27285 25292 27277 37894 31987 31751 25600 26046 16255 28077 21138 14701 20547 33137 34546 38956 38956 30000 27902 26076 25973 23755 34337 28019 6329 37210 35968 34429 38003 26346 36473 33125 18237 33044 13117 35241 34781 24506 7353 14473 38077 33412 33029 18884 32018 37901 33558 37215 38032 33545 33935 33914 5304 32855 34556 533 33531 33558 35062 36922 35118 37530)]
["https://www.gutenberg.org/wiki/Animals-Wild_(Bookshelf)-Insects" (23434 22748 27868 18790 16410 21948 38207 24409 18350 3754 21948 33874 34044 34579 3421 38516 4511 21948 2884 3462 26457 33874 33407 33852 34131 37009 4907 18050 3422)]
["https://www.gutenberg.org/wiki/Animals-Wild_(Bookshelf)-Mammals" (31458 33710 31136 37122 29122 31280 31035 34848 32159 31448 33915 33648 33507 37753 31683 39372 38004 36036 31325 26512 30942 31084 30998 30997 31147 30916 31220 33364 31679 32350 30217 34532 31109 34446 29688 32426 33639 33578 30898 31491 31951 30999 31267 31141 32623 37317 34836 33653 34314 31025 31152 36653 29141 31674 36285 38959 31249 33566 31224 29563 32679 35542 17966 34437 31235 31046 31149 34412 38441 31020 31148 31040 38290 31730 33509 34315 38366 33434 24388 31089 37450 39396 38356 31088 31063 19550 32376 13325 33629 34101 10843 33721 39674 27975 17748 37151 36844 33659 36286 39396 37101 35490 33527 36830 37595 37199 35006 34353 30533 34311 37317 37151 36844 33648 34340 34501)]
["https://www.gutenberg.org/wiki/Animals-Wild_(Bookshelf)-Reptiles_and_Amphibians" (30321 38398 33543 37350 38440 34554 34949 33967 31334 33574 31830 31221 34604 37823 34326 31050 31175 32653 35413 32505 31293 31011 37809 38308 31240 33508 33966 32947 37512 34954 31570 31621 37566 34449 31574 32817 34371)]
["https://www.gutenberg.org/wiki/Animals-Wild_(Bookshelf)-Trapping" (30243 34110 17748 34076 33830 38032 23259 33915 34437 34093 13249 26014 34098 29691 24389 39674 36970 23922 34063 27911 23499 37122 15387 28572 16957 21359)]
["https://www.gutenberg.org/wiki/Anthropology_(Bookshelf)" (3623 8700 17087 2634 17280 17262 18869 15293 17186 14028 13642 14142 12545 18273 3307 14648 13831 17379 17383 20116 17404 12261 20411 20665 18236 2873 19449 8567 7978 17487 17488 8112 16572 15126 18206 17275 17742 19331 19913 22601 17910 19042 1323)]
["https://www.gutenberg.org/wiki/Archaeology_(Bookshelf)" (17321 10841 14400 20153 19115 22153 24505 17987 17170 19913 18931 18184 19953 19921 17606 19723 18206 19856 19606 4248 6462 23691 13575 24654)]
["https://www.gutenberg.org/wiki/Architecture_(Bookshelf)" (20239 17774 23593 19737 12625 12648 22397 22718 21688 16531 20924 20967 13618 10479 22990 22832 19881 13331 20191 21003 19424 19487 19715 19494 21511 23668 24616 22260 19511 20346 19420 19998 14987 15020)]
["https://www.gutenberg.org/wiki/Argentina_(Bookshelf)" (16105 20852 18783 11302 18289 18784 18723 19643 14366 19496 13216 18157 18798 27757 19106 20401 14765 25317 15066 20159 7446 24887)]
["https://www.gutenberg.org/wiki/Armour%27s_Monthly_Cook_Book_(Bookshelf)" (26005)]
["https://www.gutenberg.org/wiki/Art_(Bookshelf)" (20777 4028 5000 3226 18937 19143 13119 19314 19009 19570 13477 22500 17215 22690 20607 19602 15813 17212 11242 17408 22125 22564 17275 18383 22522 17289 16273 19870 17244 14056 17370 17730 5712 13029 16180 6841 22574 18733 19460 34479 34585 34645 38967 39996 41533 15622 20915 20195 167 168 14264 20019 23593 24637 3151 13755 7411 5620 17478 6932 3751 17373 5321 2176 4060 19980 19164 4390 18900 22288 22379 24726)]
["https://www.gutenberg.org/wiki/Arthurian_Legends_(Bookshelf)" (1949 1972 12753 831 1251 1252 8601 610 12753 86 31900 32292 10745 22053 25654 45514 7098 13674 22396 36462 15551)]
["https://www.gutenberg.org/wiki/Astounding_Stories_(Bookshelf)" (41481 28617 29607 29390 29809 29848 29198 29768 29255 29882 29919 30691 30177 30124 30166 30452 30532 31893 31168 33016 28883 28628 32398 28832 28705 29038 29046 32398 30214 29401 29771 30307 29053 29118 29027 32398 20553 20551 22132 20838 20920 22154 29416 22176 23831 22132 22171 29177 20859 32029 29702 29416 26917 29069 29310 29202 20859 29353 26989 29717 29060 20859 29190 29299 29437 29326 20859 29298 29321 29965 27013 27248 29293 29457 29384 29965 29389 29966 27143 27464 29322 29965 30303 29475 29421 29965 30408 29283 29466 29410 29309 29408 29455)]
["https://www.gutenberg.org/wiki/Astronomy_(Bookshelf)" (35937 27477 25267 28434 28536 28570 20930 6630 19103 20769 15636 35744 16767 8172 32000 22157 25992 31344 26556 35261 18431 28613 28752 28247 26147 15620 35588 4065 29031 24222 27378 34435 34834 37275 38722 24236 16227 6574)]
["https://www.gutenberg.org/wiki/Atheism_(Bookshelf)" (17607 8909 8910 3743 4363 19634 7204 2162 20248)]
["https://www.gutenberg.org/wiki/Australia_(Bookshelf)" (15337 25828 22849 23615 30607 17022 8106 12565 12668 15675 15685 17450 2660 7450 15602 12992 15533 10840 7163 15662 3534 4237 5346 9958 4974 10461 16027 16145 4521 11203 12046 5005 13248 9943 12928 13033 5334 8911 4976 4330 5816 16243 12115 12146 12929 13121 7509 15100 3535 4054 3546 16050 26111 1198 4975 25341 15896 16588 15524 25452 20116 3833 3819 17404 10842 7777 7304 8730 7047 4050 16251 15524 16362 21518 4730 7065 214 1036 1231 1313 7447 7144 23625 213 10493 6119 304 1317 307 5113 19274 4219 27099 25527 26552 24994 24442 4051 4699 16664 4221 8730 25750 3703 18891 20031 21464 26034 25059 23995 23050 16891 25079 4731 16366 21383 17206 19172 6119 3832 1199 4050 11620 3424 3470 3677 24997 24639 24807 27977)]
["https://www.gutenberg.org/wiki/Bah%C3%A1%27%C3%AD_Faith_(Bookshelf)" (16983 16940 19240 16697 16939 16941 16984 16523 16985 16986 17309 17310 18828 19289 19285 19237 19287 19284 19239 19238 19279 19250 19312 19296 19292 19300 19299 19243 19252 19254 19271 19270 19275 19282 19298)]
["https://www.gutenberg.org/wiki/Banned_Books_from_Anne_Haight%27s_list_(Bookshelf)" (2137 35402 27401 18726 31790)]
["https://www.gutenberg.org/wiki/Barnav%C3%A4nnen_(Bookshelf)" (27416 27417 27418 27419 27420)]
["https://www.gutenberg.org/wiki/Best_Books_Ever_Listings_(Bookshelf)" (996 35993 5921 5946 29468 24754 7094 28842 2000 28469 16066 16067 42524 1597 1342 42671 20686 20687 26301 1237 23700 3726 13102 19591 768 2383 23722 22120 2021 9345 8800 1400 8608 17565 39976 2554 2638 8117 16824 28054 145 8227 15081 35451 2413 27575 14155 15711 34828 27537 11000 14591 14460 3023 21000 2229 2230 18348 1081 8387 30027 18291 15492 2542 17524 17674 19030 8018 8320 8245 22798 4300 7849 16659 12169 13268 217 19315 24042 12058 34811 15 2701 2489 9147 28794 3600 19264 597 17919 19440 21765 26073 28621 1200 8166 8167 8168 8169 8170 1524 27761 2265 9077 10606 1787 1122 25667 15632 15032 37279 7276 31797 1532 2266 1794 1128 26224 16490 7240 16490 16490 1531 31 798 829 42648 2600 1399 3435 3436 76 13268 227 228 1322 28233 10000 22764 3420 14986 3300 2270 1845 6840 996 34414 580 968 39976 9611 9609 6593 25014 14157 289 4709 1026 308 555 6761 4085 4084 2160 1079 4737 402 2432 3186 718 2042 2005 792 1951 62 1906 928 12 1695 32 77 2276 209 13944 7849 14851 601 1329 219 5658 2021 73 561 1257 2166 3155 95 652 215 15 60 1947 1965 82 271 796 804 421 120 829 2600 76 103 3748 19942 159 17831)]
["https://www.gutenberg.org/wiki/Bestsellers,_American,_1895-1923_(Bookshelf)" (7179 39858 12190 25570 327 43726 95 22436 850 1550 6229 133 2618 20399 463 73 14961 7179 2853 8816 2316 403 40140 41822 8407 342 14961 16097 3169 14532 42362 6485 28877 9441 9442 2853 8816 2569 2138 39137 20328 43241 6236 17617 17498 5373 2569 2138 13454 5719 22537 298 2807 14885 14645 3791 2799 5719 14730 5373 17498 4097 5396 4097 14219 6249 2799 10959 3239 14813 5142 12440 1298 4377 14671 14001 14513 6249 2852 3070 8635 9552 21520 3428 1603 23784 13782 14068 4382 5970 1298 4377 12482 21959 6037 2059 388 2384 5422 481 13812 6801 2059 498 14682 14960 14126 14079 3637 26240 13967 33490 5422 284 9280 14740 1033 3766 1386 7492 12441 5971 140 6556 6315 5076 284 9280 14696 7523 6267 13913 506 8741 39689 14818 14852 3242 4790 3684 4082 5122 22158 506 4516 14697 9779 11572 6267 14393 14263 6017 1869 5122 14284 14355 14598 4516 14395 3659 21175 5382 13212 14054 42427 3828 39984 34020 18665 22983 1671 5257 5129 6997 14303 349 26465 6474 22066 18665 22983 3659 21175 13813 349 26465 14394 6105 15817 15818 15138 6997 14581 6379 30115 6057 20885 39863 45961 15221 46992 15063 26163 2274 22453 1440 2988 5364 13985 286 3746 5145 9879 14597 1450 28798 33963 2514 15759 19036 4786 14811 45961 15063 20885 23086 46992 15154 11715 1450 28798 5364 36355 4379 2514 402 6554 16101 14605 6353 1098 3739 9489 26582 6100 9931 14669 5229 29932 1027 34297 1611 14367 440 14060 14571 15384 10509 29571 238 4915 14060 14150 4287 35093 2066 12683 4603 14396 16074 43069 315 19552 617 1046 12887 34509 12877 12185 14823 7962 14086 15523 18497 12418 1804 42797 4684 13883 1590 13993 5962 13497 3249 9836 3722 46046 315 8820 20072 12887 3199 405 16632 44586 617 7238 7515 7962 11211 16685 42490 21991 14086 15194 4380 1484 1083 9340 10201 1693 3288 3265 5874 18056 14646 5748 2044 21777 353 23900 16613 3457 13532 3265 4747 17237 11143 3263 5815 13763 5006 3317 15776 6467 2386 14384 14943 543 14957 13937 541 8958 26458 29407 4707 7031 1970 904 8535 25702 45368 14384 15306 11400 4321 10444 14145 7031 18259 6491 14579 1601 6415 4383 2070 1156 9410 45368 754 3538 15069 8077 20417 14980 1265 37153 3812 14996 25542 16389 1156 6415 3294 1601 14314 17017 17018 8077 45368 15069 27203 3538 754)]
["https://www.gutenberg.org/wiki/Bibliomania_(Bookshelf)" (443 172 5311 15794 28540 7167 10023 22136 626 19415 3426 2018 1961 3256 21630 1615 1302 21272 21615 16350 31078 30396 22716 22605 22606 22607 22608 24003 26378 15199 20416 18500 12242 1645 1365 21630 17192 441 19226)]
["https://www.gutenberg.org/wiki/Biographies_(Bookshelf)" (4667 15543 18757 9069 17388 45456 45532 771 16965 14004 655 12406 813 22345 10986 13888 10598 16469 10622 12014 12090 3029 6312 984 14555 3725 412 1702 590 542 2082 2563 20439 20733 21091 4693 4689 4690 4691 4692 655 8770 14992 3725 19767 21677 529 6702 2447 1265 12984 12985 813 597 539 14392 4689 4693 15543 529 20439 4690 4693 4689 4693 2447 412 9069 13888 4692 4693 771 529 22345 4690 4693 6312 4690 4693 1702 19767 529 655 3029 4690 4693 4691 4693 4692 4693 529 4690 4693 4689 4693 4689 4693 3029 4689 4693 4690 4693 1702 4692 4693 10986 2082 2563 14392 4689 4693 12984 12985 14992 14555 4691 4693 4690 4693 529 529 529 21091 6312 2447 3029 4691 4693 4692 4693 1702 1702 1702 542 12406 539 4691 4693 529 14004 529 529 4691 4693 3029 2447 1702 4690 4693 17388 4689 4693 4691 4693 529 4689 4693 3029 529 8770 21677 6312 1702 2447 597 4691 4693 529 6312 4691 4693 529 4692 4693 1702 20733 1702 4692 4693 529 6312 4692 4693 590 4691 4693 6702 4689 4693 6312 4692 4693 1702 529 529 813 813 529 16965 1265 3029 18757)]
["https://www.gutenberg.org/wiki/Biology_(Bookshelf)" (21781 16487 16136 18911 15707 3332 8729 21608 24456 13249 10962 21973 19850 22129 22165 18629 21111 1228 2009 22764 14158 21153 8205 22728 21019 5273 19192 2930 2926 2929 2089 2629 6919 2927 6475 1909 14558 20818 22430 22428 16442 19321 23427 20556 19922 8508 7234 20426 24648 24800 3501 6052 22748 16410 23434 3754 18350 16825 18081 19673 10834 6329 21138 14473 7353 18884 23755 24506 22327 17966 18928 21761 18754)]
["https://www.gutenberg.org/wiki/Bird-Lore_(Bookshelf)" (39854)]
["https://www.gutenberg.org/wiki/Birds,_Illustrated_by_Color_Photography_(Bookshelf)" (30221 30626 30103 25874 25983 30666 30523 26656 30511 30552 30677 30965 34165 34294)]
["https://www.gutenberg.org/wiki/Blackwood%27s_Edinburgh_Magazine_(Bookshelf)" (9992 13062 12761 11745 12263 12511 14413 25065 14753 23240 16607 25193 13306 16293 14778 13633 25047 23529 13719 15634 25208 25066 28342 29423 29605 29988 32589 33097 33141 25207 28336 27818 32738 29110 27611 33938 28532 29938 29858 29883 30388 34026 35984 35731 36530 37797 18278 31859 23690 23572 26484 27020 33199 25633 26433 40062 40071 40090 40099 40128 39676 43225 40026 42412 40397 43354)]
["https://www.gutenberg.org/wiki/Boer_War_(Bookshelf)" (16494 32934 26490 16460 15699 20194 25117 12427 23692 26198 3050 18794 3069 24951 21302 27897 19895 13855 17968 16131 16462 15972 25135 16859 21661 20987 21280 15561 35061 27765 16337 15106 17136 25049 14466 26490 23875)]
["https://www.gutenberg.org/wiki/Botany_(Bookshelf)" (3003 8866 20467 13347 1221 4346 3807 5765 2485 5605 2871 2872 3332 9612 10671 22761 16116 20771 28764 26393 24063 23672 11365 10852 20390 10726)]
["https://www.gutenberg.org/wiki/British_Law_(Bookshelf)" (4351 30802 13858 42525 32298 28659 36299 13376 40780 6603 1694 12235 10000 8142 21173 33333 27785 27785 30003 25281)]
["https://www.gutenberg.org/wiki/Buchanan%27s_Journal_of_Man_(Bookshelf)" (22336 25819 25890 26317 26401 27570 27648 27703 27717 27758 27796 27812)]
["https://www.gutenberg.org/wiki/Buddhism_(Bookshelf)" (12956 2124 8390 15255 16546 16847 2017 18223 14360 18194 5173 7015 17419 23585)]
["https://www.gutenberg.org/wiki/Bulgaria_(Bookshelf)" (22257 11716)]
["https://www.gutenberg.org/wiki/Bulletin_de_Lille_(Bookshelf)" (16388 15212 18771 20823 20824 20825 20865 26712)]
["https://www.gutenberg.org/wiki/Canada_(Bookshelf)" (22496 20014 21260 22557 12661 15509 18378 22131 6663 16724 13003 4069 19599 2835 24550 3721 6875 17132 17174 11110 17766 24586 6818 13762 24832 23409)]
["https://www.gutenberg.org/wiki/Celtic_Magazine_(Bookshelf)" (25952 27815 29969 40267 40275 40323)]
["https://www.gutenberg.org/wiki/Chambers%27s_Edinburgh_Journal_(Bookshelf)" (48580 48583 48864 49150 49191 25200 13865 14502 14603 14612 16228 15481 15549 16924 16953 17256 17245 17303 18337 17207 17348 18382 19417 18775 18796 18898 18853 19181 18999 24892 20792 20793 21010 20797 20806 21126 21193 21939 22161 22178 22187 22199 22617 23226 23655 23963 24084 24128 24158 24261 24343 46682 46739 46780 46811 46885 46886 46897 46955 46959 46965 47045 47049 47065 47066 47083 47094 47099 47223 47230 47235 47250 47299 48150 48189 48221 48348 49237 49246 49262 49374 49387 49535 49539 49565 49673 49703 49741 49781 49874 50061 50183 50486 50680 50780 50787 50841 51100 51784 51785 51786 51841 52100)]
["https://www.gutenberg.org/wiki/Chemistry_(Bookshelf)" (14218 17753 1271 22914 24591 30775 33766 20848 3708 12787 22784 15237 17740 21724 18751 22620 23626 19031 24931 4524 17149 14474 16562 18147 21916 32974 32962 26908)]
["https://www.gutenberg.org/wiki/Child%27s_Own_Book_of_Great_Musicians_(Bookshelf)" (34568 34737 35013 35097 35157 34550 35601 34582 35070 35596 35158 35128)]
["https://www.gutenberg.org/wiki/Children%27s_Anthologies_(Bookshelf)" (25359 16681 20117 24324 14752 13685 14916 16247 15164 19909 4265 6622 16537 6932 16436 21436 19461 5796 5902 7013 11250 21864 23405 24532 24857 3152 6323 6328 6577 6302 8075 15884 18274 19993 15202 15560 11592 18146 23530 21764 21446 22308 17750 15145 20740 16171 23751 22175 22080 24271)]
["https://www.gutenberg.org/wiki/Children%27s_Biography_(Bookshelf)" (22352 22925 6168 19533 23494 23650 17253 24730)]
["https://www.gutenberg.org/wiki/Children%27s_Book_Series_(Bookshelf)" (13897 22031 25811 17266 9948 20985 22816 25301 25529 14375 5110 21015 5844 19079 11915 12630 19092 5846 15521 1825 14732 10317 14546 6853 10048 23894 25762 19167 18990 17151 18420 6576 737 6063 6055 16756 6950 15169 714 5952 5617 5948 20311 17412 10081 14711 6337 14626 6072 12656 13020 12682 12805 12571 12870 6083 6905 6973 6149 13783 19930 6573 22644 16544 6339 20434 8067 12112 5707 5981 20327 12526 6338 18952 7356 22991 6904 6108 2191 13859 20208 25798 22674 11469 20710 12947 12945 12946 12948 6827 5602 21842 13181 21008 18874 22156 6898 22079 19538 5732 19565 20133 17096 20134 17878 17097 20309 18421 17095 19555 16956 20106 14169 20832 15133 10688 11718 11664 18606 6895 20713 12091 15726 20822 22652 23987 8662 22938 21034 21049 6814 25477 10220 14859 23036 12776 22431 12774 10045 10319 12775 7479 13753 5629 16091 15653 20699 25396 10320 16383 19247 16390 14534 17496 14379 14910 6440 14875 9963 14488 14566 14909 18058 14874 14883 13379 15550 11660 19834 7434 6987 2770 20037 6418 7498 5632 23540 15655 5254 11115 22424 19867 22571 19502 22265 10904 22874 21958 19402 21594 23763 20259 25473 20736 24248 5263 25626 25801 17988 20474 20471 17811 20405 20341 5404 20472 20342 9901 6858 4940 15344 20473 22307 12735 20789 24826 5259 16473 14879 12943 7335 20320 6121 4945 19015 23208 23278 22902 12176 9407 21248 15867 15122 15741 17094 12317 20721 20722 20340 24711 16390 14202 20984 17530 18035 23531 15072 8887 5271 22071 23644 5660 22532 21876 22225 24578 24235 13577 17099 17865 14889 23569 17145 20877 21286 17250 14958 2557 21980 4914 2789 7081 25873 7210 20870 23645 13450 10776 23677 17744 19969 20349 18699 19171 20348 20347 17118 24683 2691 6439 12610 15188 19743 14130 10267 20324 19295 4987 14136 8211 4988 19561 7494 19607 19311 19318 10465 19294 14352 10268 20945 8456 5731 5264 25847 25857 25869 5631 25865 25488 25489 25487 10212 6141 25490 14815 25491 25492 9833 17767 15750 5729 22113 25419 6001 25778 25456 6584 5426 11861 25753 14278 7899 25858 12878 25514 22095 11140 25274 25355 22972 24182 24488 22956 23430 25174 22377 19195 22252 22511 24993 25548 25206 21894 10323 5780 5002 15795 5003 20053 5770 13455 22012 16476 22996 22163 6451 5875 15904 15723 22547 6071 23286 10552 10316 19815 22743 6851 20834 23116 14635 15720 4985 14630 25802 21841 19120 15831 19736 17492 19816 14623 17761 18461 20326 24589 6754 15528 18953 5701 24590 18630 21203 24881 24628 24872 21619 21845 22952 9462 20716 5955 18662 24731 18652 21078 24545 18656 24592 21844 17756 17056 17057 17059 17058 17054 17055 18943 19522 6655 19495 23663 18180 19590 18954 20986 1282 1363 1281 22951 952 1284 3005 953 1364 3777 950 1361 4635 2273 4230 4532 951 949 1362 954 4227 1283 22333 4608 3734 4711 499 22952 21322 21412 21426 5727 21836 24608 20097 14402 25824 16663 3642 4012 3774 4091 3496 16644 4086 9966 3497 5893 23447 12810 17807 15281 15282 23213 21760 21832 20588 20614 20753 21810 8153 12734 12778 12777 14369)]
["https://www.gutenberg.org/wiki/Children%27s_Fiction_(Bookshelf)" (18581 14831 5977 9990 296 399 23108 5747 530 462 6461 21632 19592 1573 14964 22565 5674 5833 6162 10729 12823 528 13803 5868 11111 293 659 671 5348 20689 12741 10724 5417 24013 4660 5778 5993 22521 20432 5623 22669 5673 15760 14876 15055 3653 5207 15285 14890 22464 11961 11311 9745 14891 6094 1078 12532 11881 3811 18774 7862 15767 15852 17677 19477 21715 21716 23370 21717 21718 21748 15348 23371 21719 23372 21823 23267 21720 23262 21721 7124 646 21725 21710 21726 21727 10929 21728 21729 23373 21730 23492 23380 21202 21731 21735 21732 23505 23263 21737 23384 21733 15689 21734 22980 21736 23389 21757 21758 21738 21739 21705 21740 21741 21742 21743 21744 21695 21745 21746 15124 23377 21747 23274 21749 21750 13290 21751 21752 21753 21754 24086 21756 21691 21692 21693 21694 21714 21697 21696 21698 21699 23385 21701 21702 21703 21704 23272 23271 23381 21706 23493 21707 21708 21709 11602 21711 23388 21712 6357 21713 22245 23292 19988 19025 14606 20515 20791 15343 21681 20910 20730 20163 18019 7820 18505 21656 21687 20340 5696 21626 21125 11978 14647 11337 7493 7506 5828 16805 21652 16855 7882 11151 6906 16869 24097 16472 20223 7346 22224 7060 20729 7037 7006 19070 13354 7318 8679 6953 6952 19398 8576 8155 17403 21986 3674 20031 8411 21979 21614 11565 24244 11609 21788 4792 8670 18349 3785 7071 11058 18357 4932 17546 5075 7061 20091 14313 21242 6472 18356 17436 7229 20092 3429 7870 8732 20641 18813 7070 8859 19206 20207 7831 12308 7334 18833 19714 18868 19154 2805 8651 17766 4931 8745 9613 5128 22060 20043 19136 20307 21797 23625 6899 21942 19761 6142 15778 7231 17506 22164 15149 18666 15839 23022 20071 4989 9986 18968 21275 3536 17314 20606 836 1874 837 770 794 15540 15002 21901 22433 23773 24124 24283 18803 24252 6572 19473 14762 18617 15920 484 14595 18816 18579 18678 18264 23758 23351 13604 21236 21237 21238 10682 21239 15764 21240 21241 23129 20651 21846 10340 21913 19140 20081)]
["https://www.gutenberg.org/wiki/Children%27s_History_(Bookshelf)" (17268 8507 14291 9991 754 6804 8642 11260 16891 24598 10477 10478 10484 10522 10531 10532 10533 10627 10640 10641 10644 10648 10649 15663 16160 14000 9628 23495 6624 11367 12296 7960 699 4769 17386 17221 14034 23496 6301 16437 17287 14457 17211 11716 14971 10583 10366 11917 12434 7001 12272 9995 15955 3260 2835 3042 22169 23887 20105 18618 18571 7252 15697 10070 18127 16508 17993 3761 6808 1864 10222 15488 11506 9897 16960 12423 15263 4367 4671 1015 11313 18216 1236 8419 10857 13789 781 6675 6896 16037 16038 16081 8659 16294 16623 17211 1560 13842 18038 3066 12855 12523 2898 3043 3092 3093 2704 3032 11702 3004 3291 18941 3073 3014 3098 12764 3034 2836 3035 2649 2897 3410 14825 3099 2900 3036 3037 3038 13107 3040 3041 2899 3157 2835 3042)]
["https://www.gutenberg.org/wiki/Children%27s_Instructional_Books_(Bookshelf)" (7841 5742 13539 7425 16046 22420 23424 18217 24053 24644 24703 15659 15170 10811 9106 19721 14640 14668 14766 14880 15040 16751 13853 15825 18561 18702 19923 22795 16936 9078 6685 18909 19469 9542 11023 8997 15353 22065 24072 15626 23424 15577 18274 19381 13347 21973 10737 21266 17365 2284 3031 23667 15950 18072 2441 17185 10834 18790 16140 21948 10726 18767 22408 14759 23576 24263 24222 23941 18525 24409 24852 24598 11313 18561 16667 20107 22727 9995 22911 24676 24884 21783 17160 16728 16379 20522 20698 19423 7803 24858 22245 23560 23728 22425 22600 22766 22917 12655 22925 23395 24030 24125 24656 20557)]
["https://www.gutenberg.org/wiki/Children%27s_Literature_(Bookshelf)" (18614 22234 2726 163 5830 2786 22451 3499 10360 2788 22787 514 7425 5352 3806 8188 2787 17337 21946 2804 22022 3795 16 4357 22566 420 19450 517 518 961 519 520 25519 19467 24459 419 54 19466 17426 5660 22225 436 21526 5312 486 23075 955 25581 485 957 4358 4356 16259 956 23076 960 21914 55 11757 23980 5420 14375 5110 21015 5844 19079 11915 12630 19092 2493 5846 15521 1825 14732 4979 15168 13355 4670 20877 17250 14958 5791 4980 2557 4698 460 5302 5303 479 146 19514 10466 384 5304 24772 23964 8574 113 17396 8812 21585 5347 19033 928 11 23716 19573 19778 17482 19002 13 21521 23717 12 23718 8994 8995 5141 15798 4560 24022 19337 46 19505 20673 16021 20795 678 9739 16121 16052 19859 17069 20351 7865 5601 19644 16540 17772 15592 20425 19360 16686 18077 18156 21588 289 22340 22341 23871 19648 23869 2306 21605 24430 9216 9215 9219 9208 9218 508 9255 9209 9217 9202 9258 9256 9213 9205 9211 9212 9201 976 9220 9257 9206 13707 9210 9207 9214 41 23965 19293 25564 236 1937 2781 557 15976 2226 503 3282 2435 7277 6746 3454 3027 5615 540 641 640 21935 21994 501 1154 9080 19 225 18614 697 18811 709 708 6471 47 19575 45 19576 51 20265 544 1354 5340 316 5341 5343 3796 5342 496 23977 24053 1430 23661 3536 778 20036 17314 4378 20606 25496 836 1874 4513 837 770 794 13912 5834 7766 20997 14069 271 19637 11860 2770 20037 5632 7498 7434 6987 6418 6380 10436 15727 20781 1448 20271 7512 7500 7511 20780 10142 9383 9860 9075 14128 14710 14627 9859 9861 9482 7888 22570 848 25617 25610 19722 25609 25611 421 120 11171 20916 24286 721 10335 1867 2315 3492 3149 10540 1375 1278 1217 1391 1868 498 1033 5835 13506 19461 13815 18531 902 23937 22604 24065 25545)]
["https://www.gutenberg.org/wiki/Children%27s_Myths,_Fairy_Tales,_etc._(Bookshelf)" (18674 4018 23954 7128 8599 22413 24473 24593 22886 7488 7885 7439 25502 14241 7871 9368 1597 19574 25580 8675 19713 677 20552 17034 2892 22373 22555 23462 24108 24737 24811 25555 4357 19579 22248 22096 24714 19207 19734 14916 15164 6622 16537 20748 15145 22693 7841 22420 15592 11319 20366 22168 22175 22396 22656 23759)]
["https://www.gutenberg.org/wiki/Children%27s_Picture_Books_(Bookshelf)" (18937 14838 19197 17161 19177 17824 17824 11162 21884 20579 11095 15661 10469 10557 20652 18155 18343 18343 22406 13035 13004 17161 10634 19361 18341 18360 19991 14077 18417 19177 12109 19868 10634 20777 18596 14081 23462 20286 11979 23302 21650 17283 17282 25432 25418 25433 23479 20437 23521 18344 18546 19788 19772 809 23452 23344 23765 20693 17102 17117 15809 15809 19541 23794 19068 22282 17168 22818 23433 23749 19197 11936 12116 19915 12116 24571 20656 17782 18937 20113 13646 13648 13650 20113 13647 14184 20748 10737 14110 17135 17382 22181 20404 14320 14838 23350 582 572 20049 14848 14868 14407 14877 14814 15284 15077 12103 15137 17089 19805 12702 14304 14838 15575 14872 14220 15234 14797 14837 24912 20181 20860 22201 23665 10742 17060 19722 18742 11592 22755 16081 11065 19169 24692 12227 11592 10749 22887 22055 23483 22921 24894 23652 24795 10979 11023 21428 11098 22335 24644 10834 11092 11073 20723 20511 24849 18735 10754 22896 11877 17162 17163 20575 24778 20017 24694 24736 24738 22778 22891 15621 22561 23322 23407 23336 24734 22529 11241 24834 10965 10983 23302 24609 24610 19537 19531 19366 17060 22921 22887 17208 24623 18546 4901 5312 21150 23794 20511 10607)]
["https://www.gutenberg.org/wiki/Children%27s_Religion_(Bookshelf)" (23580 13274 17163 17162 11241 16042 10380 7026 14411 16534)]
["https://www.gutenberg.org/wiki/Children%27s_Verse_(Bookshelf)" (10912 24485 24449 24108 22014 17782 13646 982 13648 13650 20113 23897 13647 23545 21189 22035 19389 19722 9380 24560)]
["https://www.gutenberg.org/wiki/Christianity_(Bookshelf)" (2144 2143 5877 5878 5879 5880 5881 2100 19635 825 828 827 826 26881 1549 7069 8068 7883 7925 8069 15836 7351 8071 8200 8070 8381 8397 13601 21190 21872 15185 398 124 3296 17611 17897 18755 19950 1911 274 1722 1670 272 9841 273 2592 418 13335 6107 12809 23038 12007 16688 7026 25486 13439 7284 11241 11149 6757 3614 654 131 13460 6999 7040 20289 6583 12529 10058 21351 616 13196 24989 11553 13871 1653 4544 4664 16772 25133 11198 20160 18378 20747 17002 13388 2099 2396 2455 7343 19100 19377 18930 19939 6894 5211 9063 13854 16119 130 470 17678 34680 6744 20476 27848 28479 16455 417 23673 34733 14959 13341 13166 13439 21722 18444 26279 17363 22793 21987 10274 20402 20478 21776 3150 20578 17122 10116 7042 11381 8202 11536 7954 5687 18369 2458 15031 24256 24284 20534 16856 16645 13204 13988 4738 9276 14139 24404 16423 8731 18329 13824 11981 11627 11713 11693 11760 17 16534 35470 35554 35360 35556 22542 5630 35514 35333 34362 18039 3458 12321 19666 31427 16624 27370 16778 10437 16734 35081 16591 34736 15861 6144 3613 12252 12746 20801 16461 15800 18729 16700)]
["https://www.gutenberg.org/wiki/Christmas_(Bookshelf)" (19337 17135 10723 22665 2731 9523 17770 7256 22440 18720 19084 20586 20956 4384 19014 20656 5662 1467 17006 14606 14946 15709 20453 20251 15552 22696 16134 20112 20180 18725 20187 19384 20213 22947 15044 17456 17743 19608 17937 14573 15826 17510 8694 676 14835 20516 19337 24022 46 14534 20018 644 19988 12610 1902 14624 16454 10813 13158 6670 20604 20378 20181 21784 17135 17382 29722 15133 5061 20200 22519 23569 11014 519 520 21192 12881 13213 17761 17679 19425 22435 14508 14785 14786 19826 19098 22042 14535 14653 20210 14629 18570 14677 13024 14713 14788 15341 16034 15340 20603 10528 10256 10524 20953 12974 14667 18908 19587 20605 17630 15343 18770 10825 13244 19979 14572 17562 28198 28307 10707 34465 20180)]
["https://www.gutenberg.org/wiki/CIA_World_Factbooks_(Bookshelf)" (14 25 48 87 180 571 27675 1662 2016 27676 3672 27638 6344 27558 27559 27560 27509 27348 29233 35829 35830)]
["https://www.gutenberg.org/wiki/Classical_Antiquity_(Bookshelf)" (14417 8604 17996 8714 16439 830 13977 1666 12758 3012 3013 2562 7998 7700 17814 2571 8688 8689 19075 20664 2412 8438 6763 20685 1974 16880 6762 3296 4775 14328 23082 13316 218 18837 10657 12140 23294 20732 18867 23720 14970 14945 7491 21200 2812 226 9776 2808 14988 11080 6878 9060 9061 18047 11607 10162 10883 10890 12061 16620 871 10661 10523 14322 17995 8418 5063 10096 348 2199 22382 16452 6150 3059 6130 14285 1727 1728 24269 3160 14286 348 9175 9646 5432 14020 4775 8738 27308 12389 7959 15017 2995 19662 9090 7524 16927 4775 11533 12140 16400 227 228 18466 22456 229 230 19917 231 20907 21629 7073)]
["https://www.gutenberg.org/wiki/Contemporary_Reviews_(Bookshelf)" (6078 15840 7863 11712 5062 11284 12654 11868 15116 11617 560 11963 90 11617 140 8767 236 11696 20779 5177 16361 11963 11963 18651 12934 1661 9551 20759 5713 11084 2856 11225 2178 14530 15135 11359 154 14509 1993 12860 2024 13348 1594 13186 2022 14229 10438 11359 16381 20779 222 12079 12789 14146 15230 10964 1590 14146 1477 11359 13292 20779 2011 15850 7166 11712 8867 11202 12349 11109 773 13961 887 13390 4078 11919)]
["https://www.gutenberg.org/wiki/Continental_Monthly_(Bookshelf)" (18977 13634 14583 15065 14680 16151 16272 19927 20647 24531 20899 25101 24982 26077 25191 29736 19099 19156 21983 29767 27496 16323 30141 18946 18453 18554 18848 18820 22770 20363 20481 20565 22926 23537 23689 24491)]
["https://www.gutenberg.org/wiki/Cookery_(Bookshelf)" (24384 26005 24205 31537 31982 25007 31534 29519 29329 31102 33748 29084 28681 31605 15407 26209 13487 29232 29007 29730 33246 34107 10011 22790 13265 15363 16441 10520 26374 16439 29728 9624 9101 15360 10072 6703 16977 15464 32472 8102 10582 12069 6978 13545 26558 6745 10136 17438 21826 13669 12293 22114 18097 14377 19077 24542 6912 12238 13286 26323 8542 6966 28419 12519 34822 21271 37680 9935 9936 9937 9938 9939 13177 8501 6677 20735 30293 30121 33974 30441 13775 15019 13887 14594 10632 27639 22829 11067 25139 24510 14293 31691 6429 1979 32414 19775 34651 12815 26032 25631 26311 29982 28491 27245 24387 18435 1084 13923 4219 7223 29970 26567 34837 25914 930 6385 24407 33954 8870 12350 12327 15237 15069 20871 30478 19031)]
["https://www.gutenberg.org/wiki/Crafts_(Bookshelf)" (14664 26672 39318 20663 16441 20917 8900 21252 21592 49823 19985 21224 24076 45339 35752 30292 17935 38658 15622 15147 37456 21032 26113 36669 33951 16605 12642 33502 35582 22029 22325 26120 28457 34854 19740 18806 47090 28269 31714 15147 26120 51204 24165 20386 20776 17585 24964 44766 18971 30472 29382 26151 24682 25269 28109 34903 21534 21724 26068 28457 23259 26014 29691 40109 24219 24568 31630 30850 14600 20195 15460 20763 21531 20846 12299 22107 23770 23991 23666)]
["https://www.gutenberg.org/wiki/Crime_Fiction_(Bookshelf)" (2554 4715 2554 706 20592 9806 707 2098 11153 1703 12590 17169 4014 6133 4017 1563 13058 7896 17866 6382 19706 19142 1182 1159 18613 15323 17959 173 7873 2126 1183 5697 2028)]
["https://www.gutenberg.org/wiki/Crime_Nonfiction_(Bookshelf)" (13097 2760 2753 2742 2749 2754 2748 2750 2745 2756 2758 2752 2744 2743 2755 2747 2746 2757 3617 12027 14065 6422 9679 477 10580 19564 1320 13097 446 15803 2442 17188 6628 5268 13172 14976 14977 14975)]
["https://www.gutenberg.org/wiki/Current_History_(Bookshelf)" (13635 16331 16702 16363 18880 20521 15478 15479 15480 26377 22460 38750 41479)]
["https://www.gutenberg.org/wiki/Czech_(Bookshelf)" (22776 9650 20680)]
["https://www.gutenberg.org/wiki/De_Aarde_en_haar_Volken_(Bookshelf)" (14027 19698 19865 14269 19712 13902 14112 14177 14401 14507 14559 14560 14830 15038 15403 16569 16590 16755 16970 17468 17527 17685 18243 18389 19326 19327 17432 14042 13999 19866 19456 19891 13696 13346 16117 15056 13901 14198 19305 18339 19306 20167 17729 13802 18236 13699 14088 14063 13317 13869 15037 16642 14043 14121 19832 18235 16061 14160 16102 13787 18128 14210 19490 14648 19720 13698 13236 17305 19741 18319 19546 16062 18098 19835 17339 19545 18308 18023 17528 13959 15039 14178 11317 17082 17121 16045 13697 14561 14190 18221 14181 13867 20867 20876 20875 20908 20951 21878 21926 21925 21924 21925 21947 21954 21974 22481 22473 22491 22773)]
["https://www.gutenberg.org/wiki/Detective_Fiction_(Bookshelf)" (2147 2852 2147 2147 2148 807 9712 155 15579 3802 1651 3803 2451 2736 8650 8719 4071 4002 305 547 4604 15107 3336 11588 18302 1748 16339 11451 4047 1167 17763 18761 19369 20674 19369 14332 17180 244 9556 2097 9558 2852 9552 3289 9557 1661 9551 834 9555 221 108 9553 2343 2344 2345 2346 2347 2348 2349 2350 9554 20559 11128 12187 13882 12239 9902 10373 26468 9297 5308 10443 9807 9834 20630 11252 37820 28071 7884 10556 13765 1685 15554 13772 1686 34732 12932 20047 2861 12509 20494 20546 13372 35247 10067 19672 204 21522 223 21603 2688 20912 21530 2568 434 21891 863 1155 1872 9746 35304)]
["https://www.gutenberg.org/wiki/Dew_Drops_(Bookshelf)" (14116 14148 15494 14101 14111 14283 14180 14138 14147)]
["https://www.gutenberg.org/wiki/Donahoe%27s_Magazine_(Bookshelf)" (21778 26682 38636 38695)]
["https://www.gutenberg.org/wiki/Early_English_Text_Society_(Bookshelf)" (30282 16845 14568 17000 36848 29261 17400 42713 17179 24790 33768 14761 32049 42083 48531 35190 29214 25664)]
["https://www.gutenberg.org/wiki/Ecology_(Bookshelf)" (17748 13249 14866 15003 15134)]
["https://www.gutenberg.org/wiki/Egypt_(Bookshelf)" (22799 11277 9411 15932 17321 2131 10841 10768 19400 17322 17323 17324 17325 17326 17327 17328 17329 14400 7386 7413 15663 12255 14209 16160 18647 22780 19698 10764 21954 3407 12561 17330 17331 17332 10589 3668 3284 8417 15721 5460 5449 22224 2030 6260 6267 9799 5529 21986 15236 14826)]
["https://www.gutenberg.org/wiki/Engineering_(Bookshelf)" (24855 24681 12299)]
["https://www.gutenberg.org/wiki/English_Civil_War_(Bookshelf)" (32958 25449 11565)]
["https://www.gutenberg.org/wiki/Erotic_Fiction_(Bookshelf)" (5225 27827 14609 3726 13102 19591 24156 25286 20028 16885 17707 5325 7875 7889 6852 4300)]
["https://www.gutenberg.org/wiki/Esperanto_(Bookshelf)" (23984 7787 8177 35815 25841 24575 20006 16967 8224 47855 22592 37279 47913 27170 28968 45713 35743 47249 26480 23774 20162 19030 19803 24355 19182 19183 19858 23837 20178 17482 11511 24501 48900 23670 18178 26099 32480 22901 27915 25964 22070 24763 24074 24145 17665 23093 31348 20802 20931 21194 19293 21195 17425 18326 17945 20943 25386 18836 35981 25311 25539 24525 35917 32035 23586 27593 48033 21951 16432 16737 26359 26959 28971 42028 41364 43113 47259 38240 52062 52063 52064 45612 24292 30536 42774 48896 51690 52111 11307 24057)]
["https://www.gutenberg.org/wiki/Famous_Scots_Series_(Bookshelf)" (29713 34876 29615 44695 45427 30721 11113 32626 40081 44949 49019 22106 47323 22174 44530 32642 42658 29624 47306 22294 45035 26131)]
["https://www.gutenberg.org/wiki/Fantasy_(Bookshelf)" (5160 604 420 22566 19450 517 518 961 19467 959 419 54 19466 17426 5660 436 486 955 958 485 957 4358 4356 16259 956 960 55 2060 1267 1077 1076 288 11752 9608 9663 10882 11639 8715 9829 8771 9488 10041 17134 2414 831 15551 16435 7477 4282 8129 7838 8395 1311 11283 19393 13664 10806 11440 5713 13821 8183 13820 19959 19973 19976 11097 10662 10002 12753 6582 1251 1252 832 234 15948 2885 3261 5988 6050 12747 13486 18328 2565 1152 8778 169 3055 17973 964 1557 10148 2865 3687 10745 1751 1605 2892)]
["https://www.gutenberg.org/wiki/Folklore_(Bookshelf)" (24593 24732 11938 11310 7128 8649 23245 16949 24473 18674 15250 4018 16043 13015 19944 19945 23393 23954 8299 10771 11028 12814 12545 19813 11930 19363 6615 2306 10891 6803 10376 7783 11547 22248 341 2503 11029 19347 22072 22083 22096 24569 22693 7871 9368 17071 18824 2892 20496 17860 7488 7885 25502 17362 22555 22373 23462 25555 24420 24421 24811 24614)]
["https://www.gutenberg.org/wiki/France_(Bookshelf)" (14012 17287 11951 11952 11953 11954 11955 11956 22268 43321 20415 22552 42694 43311 42744 24490 23484 22345 24718 3775 11278 7958 3567 9479 20580 19562 17579 12019 7973 14300 15299 18113 3580 18087 12230 12782 12893 13192 13475 20895 21023 21792 22385 22068 22386 20108 19972 20507 20372 22780 16943 8998 22266 15465 17760 18865 18727 18921 18922 18923 18924 18925 6602 6448 20464 16518 16485 16994 24519 24787 24818 22700 22718 24700 17159 22618 45012 25276 30917 30918 27314 41054 37075 37076 37604 38736 39885 40195 41251 37608 37616 37617 45013 41056 37630 41079 41080 39328 41087 41101 41112 41114)]
["https://www.gutenberg.org/wiki/Garden_and_Forest_(Bookshelf)" (32141)]
["https://www.gutenberg.org/wiki/Geology_(Bookshelf)" (10251 3772 4204 5694 14012 16220 17354 19234 18556 16718)]
["https://www.gutenberg.org/wiki/German_Language_Books_(Bookshelf)" (6342 6343 22492 22635 6728 23065 22659 18471 16718 17454 14997 15213 14028 9977 15787 19596 20757 19380 14075 17379 13921 19755 17379 10914 20613 12267 13690 19460 21031 22628 20937 16264 22517)]
["https://www.gutenberg.org/wiki/Germany_(Bookshelf)" (7524 7959 2995 9090 19662 13377 19036 7238 10638 23533 21654 2981 2974 23446 9977 15770 11352 12418 16445 8401 13043 10166 6303 12644 12259 6948 12400 10078 18134 16587 16690 11414 4205 12016 11560 13247 16224 17107 17624 20461 17461 18560 17928 17364 8565 11123 11366 11692 12060 12888 12473 12351 12573 13030 13056 14470 14460 4664 5637 21053 5431 6022 12404 11179 2071 19946 1472 14521 20595)]
["https://www.gutenberg.org/wiki/Godey%27s_Lady%27s_Book_(Bookshelf)" (15080 33983)]
["https://www.gutenberg.org/wiki/Golden_Days_for_Boys_and_Girls_(Bookshelf)" (27287 17199 16638 24904)]
["https://www.gutenberg.org/wiki/Gothic_Fiction_(Bookshelf)" (696 2060 3268 33781 33782 33783 33784 11323 601 792 84 121 9909 6087 1831 2040 2276 512 2148 768 10007 42 174 10775 1952 345 1188 209 12122 175)]
["https://www.gutenberg.org/wiki/Graham%27s_Magazine_(Bookshelf)" (29187 29218 29236 29239 29262 29344 29741 29959 30076 30116 31569 32369)]
["https://www.gutenberg.org/wiki/Greece_(Bookshelf)" (4035 2096 10114 6841 4716 23756 22381 20523 11716 22677 24515 18845 19061 24448 7335 20907 22259 8115)]
["https://www.gutenberg.org/wiki/Harper%27s_New_Monthly_Magazine_(Bookshelf)" (39190 31187 29655 31358 33452 40147 40612 31455 41768 41401 41576 30943 38787 25093 38409 35271 41411 36516 38399 38952 32945 32983 41629 42267 42693 43368)]
["https://www.gutenberg.org/wiki/Harper%27s_Young_People_(Bookshelf)" (29249 28185 28186 28196 28213 28246 28250 28261 28265 28275 28300 28304 28313 28318 28344 28347 28353 28362 28395 28404 28410 28417 28423 28777 28778 28790 28833 28881 28882 28895 28923 28975 28984 29002 29009 29016 29026 29034 29043 29050 29066 29087 29099 29108 29115 29134 29136 29148 29154 29174 29180 29200 29238 43330 43357 43382 32943 32957 32961 32970 32976 32999 33010 33025 33037 33046 33054 33070 33071 33078 33092 33104 33115 33116 33126 33135 33136 33140 33147 33158 33169 33161 33181)]
["https://www.gutenberg.org/wiki/Harvard_Classics_(Bookshelf)" (148 20203 12572 13620 1656 1658 1657 13726 871 2680 575 2434 608 586 1745 16643 2944 2945 1279 3296 1653 14417 8604 7073 7073 31 31 8418 8418 7998 2808 2812 21200 2811 3234 3300 1228 2009 8205 21153 674 14033 14114 14140 2484 228 18466 227 22456 996 7094 2000 131 21171 13139 20916 28 8809 5314 1597 19574 2062 1929 383 4797 2880 20158 3023 1945 2312 14591 14460 2229 2146 2312 779 811 1004 1008 1880 1995 1995 1995 1012 11180 1359 1727 1728 3160 4277 2055 15043 15679 15701 10378 2587 6363 2543 1977 2027 2663 9187 22389 2782 6788 21962 944 3704 6951 4028 5637 59 19796 13846 59 2445 3207 13674 1232 2130 274 274 4724 9662 5694 13182 3330 8018 8019 8021 8042 8044 8046 8047 2388 2800 3434 16955 7440 19786 20288 4081 10850 2232 18269 14019 6593 804 1342 20686 20687 2590 5999 5355 5353 5354 599 5355 5355 766 9744 18186 18201 17868 17869 6688 9675 33 41 15868 19293 2833 2833 2610 6539 19657 1237 12816 21993 23582 2527 10921 2335 2342 2407 2408 19794 19790 1399 689 13214 17552 2554 5721 12633 17223)]
["https://www.gutenberg.org/wiki/Hinduism_(Bookshelf)" (13268 20479 2526 16295 7297 7864 7965 11894 12333 12058 2388 18285 11310 11924 19529 22885 4278 13300 13402 13407 13656 12956 15255 16546 16847 21918 7452 16996)]
["https://www.gutenberg.org/wiki/Historical_Fiction_(Bookshelf)" (1359 5449 5439 5440 5441 5442 5443 5444 5445 5446 5447 5448 16720 5460 5450 5451 5452 5453 5454 5455 5456 5457 5458 5459 1290 15995 20219 5466 5461 5462 5463 5464 5465 15694 5482 5473 5474 5475 5476 5477 5478 5479 5480 5481 2145 8810 16832 7037 2853 8816 15010 1565 8818 4057 4058 5542 21953 8938 5494 5495 5496 5497 5498 5499 5501 5502 5503 5504 5505 5507 6308 3506 12847 5517 5518 5519 5520 5521 5522 5523 5524 5525 5526 5527 5528 5529 13054 21315 3674 14034 3048 13215 9415 16196 13752 13305 7672 7673 7674 7675 7676 7677 7678 7679 7680 7681 7682 7683 7684 7815 13375 8745 63 6480 1377 82 14813 966 3696 13227 4792 1396 903 3429 4364 13183 7061 17546 2874 2875 1631 2573 7987 19070 7060 2942 7715 7716 7717 7718 7719 7720 7721 7722 7723 7724 7725 7726 7727 848 7387 15769 3139 7853 13975 16100 1366 9756 9757 9758 9759 9760 9761 5584 5585 5586 5587 5561 5562 5563 5564 5565 5566 5567 5568 5569 5570 5571 19398 1848 2866 9959 7154 7155 7156 7157 7158 7159 7160 7161 7162 1837 26252 8611 6952 6953 8679 5754 13243 2041 5274 1939 2079 6406 6407 4596 1606 1860 15493 12396 12396 12397 21298 16654 12259 6437 5750 5750 5750 5750 6471 1257 13951 1896 5708 5075 4931 1259 13952 1461 9785 5959 9377 17221 11082 6939 6940 6941 965 1910 2609 18997 13947 13948 13949 13950 11413 12449 840 9504 19977 471 1550 15651 2511 9530 7624 7635 7626 7627 7628 7629 7630 7318 17403 18349 13404 1460 7023 7024 7025 16828 13567 18357 18028 17597 6942 6943 6944 4085 2034 4964 4965 4966 5998 864 421 589 2160 10743 4558 9522 18833 19714 940 8123 2516 2590 5353 5354 5355 5999 917 9732 17879 17880 6428 9845 7974 7472 98 5757 7005 7079 13819 1921 5148 15868 20729 7435 8651 20207 2600 17949 17950 17951 30457 30486 20749 10581 1644 8623 14313 11656 322 17849 17850 17851 17852 17853 135 599 10558 145 8227 4074 8374 3760 5897 4435 4436 4437 4438 4439 4440 4441 4442 4443 73 463 2805 7737 7738 7739 7740 7741 7742 7743 7744 7745 7746 7747 7748 7749 120 507 9672 2145 1565 7037 13215 13305 13375 12847 13054 965 7684 7672 7673 7674 7675 7676 7677 7678 7679 7680 7681 7682 7683 7815 8745 6661 6490 1377 82 4792 903 4364 3429 7061 19070 7060 7727 7715 7716 7717 7718 7719 7720 7721 7722 7723 7724 7725 7726 848 2866 9959 1837 8611 7154 7155 7156 7157 7158 7159 7160 7161 7162 1606 1860 11574 5950 15493 21298 6437 9785 11082 6941 6939 6940 840 9504 17403 7318 13404 7025 7023 7024 16828 2034 4964 4965 4966 5998 864 421 589 917 9732 17879 17880 20729 8651 14313 7684 7672 7673 7674 7675 7676 7677 7678 7679 7680 7681 7682 7683 6661 6490 1377 82 3696 13227 6086 18387 4364 13183 2942 7727 7715 7716 7717 7718 7719 7720 7721 7722 7723 7724 7725 7726 7387 15769 9959 1837 8611 7154 7155 7156 7157 7158 7159 7160 7161 7162 1606 1860 4596 11574 5950 16654 9785 6941 6939 6940 840 12449 17403 13404 2034 4964 4965 4966 5998 864 421 589 917 9732 17879 17880)]
["https://www.gutenberg.org/wiki/Horror_(Bookshelf)" (14154 375 23172 11074 16726 10897 11438 8492 14107 10053 10002 10662 10542 209 20387 8486 9629 5200 7849 10007 31469 389 25016 18089 18233 20034 14317 14168 2147 2148 2149 2150 2151 14082 12562 6087 14833 42 43 345 6534 19797 10150 3781 3095 1188 2520 17144)]
["https://www.gutenberg.org/wiki/Horticulture_(Bookshelf)" (17198 24496 23682 1327 9550 24471 17155 20772 21682 19408 13347 23302 24485 24449 17198 17531 17672 17979 19123 21843 22823 9612 10671 24671 15517 23435 14859 19006 21414 18183 3452 22973 9647 11892 24588 25278 12286 22484 7123 6117 13537 19905 21442 18135 4512 4342 16232 11365 3135 10852 18189 4924 18913 17514)]
["https://www.gutenberg.org/wiki/Humor_(Bookshelf)" (27284 25129 30689 24197 26853 28459 35304 36703 2618 3169 6995 18881 33623 35302 33432 34171 35374 14667 25919 6840 21157 22495 30411 6438 20026 23024 24259 28327 32274 22537 13784 14684 7976 4729 29425 22689 29560 1026 21517 26388 30190 9443 9444 9445 9446 9447 9448 9449 9450 3425 12386 18091 7833 7251 34721 32285 33261 37324 308 8204 2183 4020 23449 8457 11504 4781 6340 4064 4682 20633 982 13646 13649 13648 13650 20113 13647 20352 13872 22145 5803 24313 40127 11138 21427 33391 31884 8220 30131 23783 13993 15758 7471 8164 10554 7423 10586 6753 2607 6768 7028 6984 6985 6980 6879 6877 6927 7423 8178 7464 6880 2233 8176 8931 3756 4075 20533 6683 6837 3829 20532 8713 7230 2005 6955 2042 7050 6836 6684 7298 8190 18464 18465 18734 18776 19323 19324 19325 24432 24433 24434 40320 33824 29022 36529 37166 42400 43355 38586 34676 38683 35874 37882 39160 39707 38146 36177 35027 33918 972 1989 24018 22495 22518 23338 24258 24754)]
["https://www.gutenberg.org/wiki/Illustrators_(Bookshelf)" (42711 28695)]
["https://www.gutenberg.org/wiki/India_(Bookshelf)" (14134 15483 16528 22217 7951 24416 11938 7128 8649 11310 23245 2400 20847 11212 1470 10956 3310 12820 15586 16444 18833 24461 17711 17455 18285 12169 19529 17928 21020 680 24869 19550 18237 23755 24063 15540 22010 11523 2124 6687 16997 24562 12956 14499)]
["https://www.gutenberg.org/wiki/Islam_(Bookshelf)" (2800 3434 16955 7440 19786 17213 10163 20660 20927 24107 25254 10738 14064 4657 4658 9457 16831 11198 15262 20137 16996 14674 20394 13127 26981)]
["https://www.gutenberg.org/wiki/Italy_(Bookshelf)" (42560 44235 43607 45573 41085 8800 8789 8795 8799 1008 1005 1006 1007 41537 1004 1001 1002 1003 1995 1996 1997 1112 44114 45556 2641 2833 2834 12108 3268 10885 10635 41934 30754 30755 30756 34479 34585 34645 38967 39996 41533 45899 23959 24652 46092)]
["https://www.gutenberg.org/wiki/Journal_of_Entomology_and_Zoology_(Bookshelf)" (34094 37632)]
["https://www.gutenberg.org/wiki/Judaism_(Bookshelf)" (10478 7999 8001 20676 8002 8003 8004 8005 8006 8007 8009 8010 8011 8012 8023 8024 8026 8028 8029 8030 8031 8032 8033 8034 8035 8036 8037 8038 8039 8019 8020 8018 8022 8008 8025 8021 8017 8027 8015 8016 8013 8014 8547 8548 14368 1493 1494 2881 2882 19823 2849 2848 2847 2846 2850 7836 15729 15921 9886 13678 6971 20638 20885 5139 34617 20756 27901 22915 7530 4778 12680 20631 12327 12350 15173 24186 25282 28865 24186 14657 2846 9793 3165 17413 7482 10257 13468 18187 11701 12434 8566 10478 4732)]
["https://www.gutenberg.org/wiki/L%27Illustration_(Bookshelf)" (33106 33408 33590 33851 34212 34516 34547 34976 34998 35028 35100 35166 36868 37040 37135 37248 37319 37417 38042 38089 38159 38210 38271 38320 38358 38392 38442 38499 38576 38639 38725 38987 39117 39327 39405 39436 39481 39533 39589 39719 39837 39836 39901 40011 40107 40308 40720 42487 42627 42939 43239 43436 43632 43839 43964 44095 44473 45650 45855 46137 46245 46373 46461 46598 46721 46765 46832 47009 47124 47918 48061 48259 48462 48687 49005 38543 46282 46314 46490 46525 46557 46646 46673 46876 46916 47255 47301 47329 47395 47414 47477 47514 47552 47645 47680 47740 47783 44357 44310 44141 44232 44277 44696 44756 44812 44861 44519 45501 45533 45575 44589 45607 45704 45722 44634 45879 45892 45911 45935 45947 45967 46003 46065 33031 33069 33440 33655 33675 33699 33711 33840 34119 33881 33882 34231 34349 34363 34385 34389 33633 35209 35235 35267 35286 35309 35343 35376 35406 35446 35482 35798 34264 35814 35827 35871 35880 35897 35908 35929 35938 35955 35988 36596 36630 36647 36676 36704 36706 36738 36742 36806 36786 36807 36331 37428 37473 37506 37526 37555 37577 37760 37769 37798 37799 37851 37874 37886 37941 37971 38002 38729 38760 38778 38842 38868 38883 38912 38935 36357 39153 39165 39183 39240 39241 39242 36369 36380 36413 36436 36454 33489 33518 14538 22429 17662 22416 30195 30196 32952 34456)]
["https://www.gutenberg.org/wiki/Language_Education_(Bookshelf)" (12629 18818 17042 17451 15672 19807 17594 19719 5430 15097 14006 11615 7010 7188 14070 22636 22627 22160 31963 16358 16737 8177 7787 24575 25841 11748 15626 23033 14419 5424 15665 18251 8997 5762 11081 17451 15353 22065 15127 16059 10236)]
["https://www.gutenberg.org/wiki/Latter_Day_Saints_(Bookshelf)" (17 48517 47091 47192 47707 6720 45006 45619 35360 17279 44414 46221 36327 44941 45303 47703 46028 47708 47109 45054 35470 35554 44896 46243 46244 44907 45005 47519 45051 45049 35360 35556 42152 45464 46536 47730 46202 47316 35974 45303 35333 46751 37718 22542 5630 35514 42238 45149 47182 34362 35562 16534 2443 36486 14661 7066 9661 35565 23519 49357 46734 46733 48284 49327 17249 13756 12684 36791 44414 23519 7066)]
["https://www.gutenberg.org/wiki/Lippincott%27s_Magazine_(Bookshelf)" (14327 13636 22402 13145 23095 13195 14691 13828 14036 13964 24203 13770 13440 14709 13061 14324 29184 12960 13116 13154 13655 13242 13956 14333 31750 29575 31946 16361 41387 37946 19032 18885 22250 19093 25030 26945 31365 24851 14842 29395 16124 14524 14530 29158 14509 26185 15840)]
["https://www.gutenberg.org/wiki/Little_Folks_(Bookshelf)" (27564 25534 27576 27693 27823 28007)]
["https://www.gutenberg.org/wiki/Love_(Bookshelf)" (17699 16807 14255 20289)]
["https://www.gutenberg.org/wiki/Masterpieces_in_Colour_(Bookshelf)" (36533 41346 42163 39942 41947 41583 41836 41886 36931 41674 39943 41734 41834 41887 42118 42114 42838 39416 44340 42425 42140 47443 41824 43410 36347 42573 42431 36929 7785 42185 43085 42876 41648 43068 36930 30180 41835 30315 44033 20607 41497 36932 41939 43347 41541 42828 42528 43988 41694 43001 41798 30316 41974 30314 41621 13477 41492)]
["https://www.gutenberg.org/wiki/Mathematics_(Bookshelf)" (31246 31061 21076 16449 27936 22599 36154 9942 28233 8746 25664 24817 15114 36884 39702 10836 44730 18440 41654 6560 41568 5740 212 634 129 628 629 630 631 632 635 744 127 682 50 302 745 52 2584 2585 2586 634 2583 69 97 201 26839 13447 29042 29914 3651 26481 26752 26566 25387 11925 40624 13309 40395 39088 26118 29785 37354 17920 40213 50977 9933 36640 9930 38536 25156 11925 36670 13693 20073 21016 37030 38986 42833 29779 39041 36334 38769 38993 38079 18741 13692 33283 31600 29788 33229 33330 25157 33083 29783 31076 32766 34032 36941 29800 32643 25227 20313 36959 30005 33369 29781 33317 29780 38640 7825 29913 26373 26400 17204 17384 33132 29807 13702 33063 32973 25155 19770 29806 36856 38033 17001 17153 29805 33202 35052 31911 32634 36276 50992 5192 50880 31564 15267 38157 36525 32857 43006 9934 26262 13609 32625 17224 36310 31295 31344 37157 32497)]
["https://www.gutenberg.org/wiki/McClure%27s_Magazine_(Bookshelf)" (36745 33771 35610 36784 36886 11548 13637 13788 14319 14663 13304 17663 27699 27501 31851)]
["https://www.gutenberg.org/wiki/Medicine_(Bookshelf)" (21325 16155 20216 1566 5694 16417 23777 24564 19261 23968 17921 24440 4314 6361 12439 17366 25020 18843 18370 19933 30162 16977 15910 13397 29612 19031 12036 19465 21353 15352 18932 17439 18467 14985 17682 4343 23609 13444 23680 19594 24854 21418 24708 29842 747 15004 16230 23468 23769 23544 19019 24886)]
["https://www.gutenberg.org/wiki/Medi%C3%A6val_Town_Series_(Bookshelf)" (38559 46552 44314 43764 46662 41391 37793 46618 46510 46401 46274 24519 46732 46533 24519 38009 46301 41209 46384)]
["https://www.gutenberg.org/wiki/Microbiology_(Bookshelf)" (19673 4962 27713 2938 27778 25783)]
["https://www.gutenberg.org/wiki/Microscopy_(Bookshelf)" (36903 15491 41958 35842 38428)]
["https://www.gutenberg.org/wiki/Mother_Earth_(Bookshelf)" (26600 27118 27262 27341)]
["https://www.gutenberg.org/wiki/Movie_Books_(Bookshelf)" (16 5143 4082 6425 6488 5099 5233 11501 5405 6379 13135 6017 5076 5062 768 611 558 559 560 78 6532 2020 8768 1401 8767 90 8754 92 8755 106 8758 85 8753 219 20270 1184 1257 1259 2609 2681 2710 2759 10743 6593 2166 711 2728 3155 5228 5174 2727 5746 1724 15192 33 95 1145 2610 6539 2226 2225 236 175 215 19678 910 60 5805 2785 1752 932 1965 6548 1947 3294 84 20038 2853 848 421 42 43 14152 345 6534 19797 4558 9522 1399 2600 18857 103 3526 83 3809 8993 2488 2145 8810 16832 1013 11696 5230 8974 159 8971 35 6620 17401 36 8976 541 18093 22064 20548 174 4078 14192 10512)]
["https://www.gutenberg.org/wiki/Mrs_Whittelsey%27s_Magazine_for_Mothers_and_Daughters_(Bookshelf)" (17775)]
["https://www.gutenberg.org/wiki/Music_(Bookshelf)" (15141 13065 13272 26370 25863 19528 4386 4973 3788 3689 3750 14109 18232 5307 4042 26427 16459 27502 14884 20318 16467 19748 13291 23800 21300 21566 17773 20774 22089 25140 26679 33128 16351 20293 20571 17074 16351 19676 28056 20069 21957 22581 19116 19138 19880 21400 33358 30854 15446 32023 30889 19493 26477 15604 16658 28026 24622 15535 17474 30560 16225 18284 19354 19499 16595 20139 22793 18560 14339 24677 31799 29280 17571 16342 22392 4523 27646 28219 30412 12903 31582 21653)]
["https://www.gutenberg.org/wiki/Mycology_(Bookshelf)" (30181 32982 29086 31856 18452)]
["https://www.gutenberg.org/wiki/Mystery_Fiction_(Bookshelf)" (155 2147 2148 2149 2150 2151 583 155 564 345 974 5164 558 559)]
["https://www.gutenberg.org/wiki/Mythology_(Bookshelf)" (3327 3623 14080 2832 9411 2030 1493 15250 22381 13007 13008 9914 16653 11029 11029 15888 18013)]
["https://www.gutenberg.org/wiki/Napoleonic(Bookshelf)" (15233 29263 15299 4226 20507 18087 17579 15469 15437 947 16914 16915 16912 16913 27289 14300 15254 3567 22345 24718 3775 7973 37499 34400 9104 3580 2645 28934 26390 31517 32332 9479 37638 6629 2755 21362 2600 8651)]
["https://www.gutenberg.org/wiki/Native_America_(Bookshelf)" (10040 10891 6803 18279 21620 19330 31318 24002 30102 15126 13762 13833 11547 24788 23270 6604 7493 3285 8223 3774 17606 21709 23691 19606 15888 1209 1323 10772 7783 8567 7978 22601 22096 18635 12486 20205 23562 19144 11081 19331 23424 18206 17275 17742 18495 6988 6983 23270 19913 6988 17997 23691 18310 23224 19856 7097 18290 19155 15581 6843 10376 19023 337 336 22464 339 340 20082 341 338 26021 25907 13170 19606 17170 16932 9188 11029 12541 19579 17148 20643 23321 4069 15672 22072 8112 18736 18703 17042 16183 22248 6857 13031 19096 17286 25140 606 16572 6462 11398 2503 22083 19347 19449 11119 3066 17451 19628 21033 23570 22254 20463 20826 20827 20828 7126 24568 18184 17487 19723 17987 19921 2873 4248 17488 18931 20849 10736 5169 9459 23261 19953 6658 24006 19 7857 27792)]
["https://www.gutenberg.org/wiki/Natural_History_(Bookshelf)" (20467 20778 18183 16116 10852 25874 25983 26656 18237 23755 13117 24506 7353 14473 6329 25973 26346 26076)]
["https://www.gutenberg.org/wiki/Northern_Nut_Growers_Association_(Bookshelf)" (22312 23656 24552 24559 18288 25597 19050 19373 24629 19728 25775 25675 25566 20032 20221 20903 22587 25831 22721 25583 26013 21516 25935 25703)]
["https://www.gutenberg.org/wiki/Norway_(Bookshelf)" (24676)]
["https://www.gutenberg.org/wiki/Notes_and_Queries_(Bookshelf)" (13536 8603 11265 11577 13513 11636 13550 11651 11652 13521 11653 11575 11707 13558 11929 16193 12018 13544 13638 16409 11958 12198 12505 13925 13747 13822 13571 13712 13684 15197 13713 12589 15996 26121 22127 22126 13361 13729 13362 13736 13389 13393 13411 13406 13426 13427 13462 13936 13463 13480 13551 15232 22624 13540 22138 15216 15354 15405 21503 15427 24803 16404 26770 15638 15639 15640 15641 22339 22625 22639 23027 23204 23205 23212 23225 23282 23402 26896 26897 26898 26899 32495 29318 28311 36835 37379 37403 37496 37516 40166 37548 37568 37593 37778 38324 38337 38350 38386 38405 38433 38491 38574 38656 38701 38773 38864 38926 39076 39091 39135 39197 39233 39338 39393 39438 39503 29867 40171 40582 40642 40678 40716 40742 40743 40773 40779 40804 40843 40910 40987 41138 41171 41205 41254 41295 41419 41465 41476 42037 42038 42039 42779 42780 42793 42781 42782 42783 42784 42785 42786 42787 42788 42789 42790 42791 42792 42795 20954 21220 21445 22369 26753 20407 20408 20409 20410 20322 20364 20369 20368 42794 28474 28475 28476 28477 28478 23235 23023 27003 27004 27005 27006 26767 27538 27007 27008 27009 27010 27011 30594 30595 30133 29664 42922 27614 41999 42001 42002 28405 42003 42004 42005 27605 32506 34195 42006 28194 30641 30644 30813 31359 28214 31378 31398 31690 42818 42819 42820 42821)]
["https://www.gutenberg.org/wiki/Noteworthy_Trials(Bookshelf)" (18281 31425 5180 20666)]
["https://www.gutenberg.org/wiki/One_Act_Plays_(Bookshelf)" (3068 16435 3013 2571 11759 9617 9829 8469 7986 1753 17621 20172 1742 6587 8497 11283 2918 2920 2919 5060 10623 11749 16636 11020 9110 15290 5790 7805 14734 7451 6562 6681 15505 11969 4015 12220 3487 1050 3544 3486 3830 5723 6707 5053 14347 8499 14519 994 1618 2502 6523 9162 14602 19904 19931)]
["https://www.gutenberg.org/wiki/Opera_(Bookshelf)" (25063 2421 13843 808 27769 31963 15915 16250 14370 11685 11684 13628 10273 10275 10406 10271 10156 10177 10278 10174 5724 3770 28711 24647 14968 9456 11633 20264 16840 16488 5995 13790 15369 16248 1487 16431 19958 7834 18547 175 44 10523 5089 20577 5063 6498 1533 27625 6791 13329 994 6782 29549 4011 19540 29677 23475 6788 5322 2419 9976 6377 2078 2407 2408 2527 17983 18446 18445 16551 209 5210 2465 23997 23058 7263 471 2335 2336 2337 2338 2339 2340 2341 2342 18340 392 6124 2600 12758 873 28287 2187)]
["https://www.gutenberg.org/wiki/Our_Young_Folks_(Bookshelf)" (29626 30829)]
["https://www.gutenberg.org/wiki/Paganism_(Bookshelf)" (1561 3623 8855 4583 2832 10477 11015 9411 34804 20839 19368 20299 18013 14993 3307 2330 216 18564 3327 18222 20523 24737 34853 28497 13007 13008 14672 20411 2069)]
["https://www.gutenberg.org/wiki/Philosophy_(Bookshelf)" (9304 16406 25110 20500 7514 17556 11100 16712 5246 13316 5637 7205 1998 14357 4754 1497 2412 4280 6342 6343 11984 22283 5827 25447 35722 1726 13846 59 19796 4391 4723 4724 9662 4705 1016 4280 6342 6343 16833 5827 25447 37090 23422 11984 32547 2529 25447 5740 26495 35420 35421 27942 30866 28696 4763 31796 6560 18440 1635 1497 6763 1974 20685 36208 6798 4352 7206 25012 18188 6366 8438 5637 4320 3800 919 920 948 971 975 22364 4363 19634 11224 27597 1656 1497 6762 1232 26253 7370 61 23905 21565 34901 5669 12004 690 4776 32168 5637 852 25447 25172 1642 4583 989 990 991 992 25447 21995 6799 19322 7836 20814 12956 5173 10214 13888 29530 10378 12002 20887 12922 16835 5717 1347 29033)]
["https://www.gutenberg.org/wiki/Photography_(Bookshelf)" (33447 40468 39691 35709 42982 168 38866 24016 24637 42547 36446 16260 167 28015 28023 28024 33034 33183)]
["https://www.gutenberg.org/wiki/Physics_(Bookshelf)" (29444 31428 27610 4908 33504 39017 37157 15207 38157 10773 31624 5192 28233 32634 40030 50992 50880 31564 36525 47167 47464 33397 29784 29782 36276 36114 30155 5001 11335 32857 43006 26262 15267)]
["https://www.gutenberg.org/wiki/Physiology_(Bookshelf)" (25646 28216 15435 1233 30541 27600 15707 29362 27748 24708 34211 2939 18929 15435 24618 22344 13111 6986 18928 18779 19053)]
["https://www.gutenberg.org/wiki/Pirates,_Buccaneers,_Corsairs,_etc._(Bookshelf)" (18682 25982 16743 17335 21813 21692 17863 10727 11399 19589 10765 24914 24783 23034 17372 17563 18403 21062 21072 21073 23498 21071 15732 17353 17714 17715 17716 17717 15885 18111 18296 17940 6422 12216 19564 21027 25088 19139 17168 13073 7346 7870 19273 10966 17415 24907 21104 21087 21086 24882 24439 26960 22903 21403 18469 22262 22169 17741 24035 21580 19396 26612 16921 25472 10210 26514 973 8610 10394 21092 22033 22215 22752 1965 6548 3294 20325 18849 421 20025 17188 20598 17053 20774)]
["https://www.gutenberg.org/wiki/Plays_(Bookshelf)" (100 1524 2264 3825 31 844 885 854)]
["https://www.gutenberg.org/wiki/Poetry_(Bookshelf)" (19221 16786 12759 12924 12925 15553 8820 20 18500 25340 21811 20158 23475 27577 8672 8209 23684 24280 2490 4800 9622 262 12031 12032 20174 1567 1321 9606 2670 9889 13223 13224 12413 12664 22833 579 1229 7325 7110 19 1365 19 13830 2039 15390 13310 17948 17119 847 13900 21029 18524 18673 18871 18726 18287 17347 8801 8388 1322 23979 12718 12717 33902 30276 28666 28665 27199 22531 261 841 1020 19784 26288 1012 3333 22001 13037 14568 9700 981 20431 16328 20732 14020 27663 28621 228 26376 16452 24269 27308 12389)]
["https://www.gutenberg.org/wiki/Poetry,_A_Magazine_of_Verse_(Bookshelf)" (43224)]
["https://www.gutenberg.org/wiki/Politics_(Bookshelf)" (5 2 19581 19582 16780 19785 1 300 18 61 613 612 6762 2162 3207 14735 20125 7370 5669 2130 1232 17306 4776 12252 12746 12784 18250 13169 13040)]
["https://www.gutenberg.org/wiki/Popular_Science_Monthly_(Bookshelf)" (43391 987)]
["https://www.gutenberg.org/wiki/Prairie_Farmer_(Bookshelf)" (17512 17683 22040 29665 38955)]
["https://www.gutenberg.org/wiki/Precursors_of_Science_Fiction_(Bookshelf)" (6585 10430 45858 28018 4649 84 41445 42324 6542 20038 18247 1951 23169 7401 27307 13944 86 19506 7242 7243 7244 7245 7246 7247 7248 7249 7250 35103 42 43 33662 4290 45644)]
["https://www.gutenberg.org/wiki/Project_Gutenberg_(Bookshelf)" (6590 4904 3471 3459 3432 3749 4001 3729 3617 3643 3730 3626 3603 3542 3531 3661 3493 3483 4742)]
["https://www.gutenberg.org/wiki/Psychology_(Bookshelf)" (20842 21077 6605 4339 14515 5994 13610 13611 13612 13613 13614 13615 15489 14969 20613 1320 22108 449 13791 17334 17829 14980 16287 1226 9172 448 24518 636 713 884 926 14586 16266 15154 22775 18843 19549 18477 1319 14557 8215)]
["https://www.gutenberg.org/wiki/Punch_(Bookshelf)" (23881 17216 13639 14920 14921 14922 14923 14924 14925 14926 14927 14928 14929 14930 14931 14932 14933 14934 14935 14936 14937 14938 14939 14940 14941 14942 32352 37779 38261 37639 38040 38786 32629 32682 32804 32839 33669 25361 33036 33459 29679 33600 33717 26089 36537 36187 37078 37125 37465 39315 38898 40645 39077 39437 40629 40626 40599 25685 25832 21590 30818 22051 30033 29930 30018 29992 30056 30182 30414 30739 30492 30534 30569 33685 30625 30694 30937 31039 33281 33292 33366 33488 33526 11726 11907 11919 12292 12323 12825 12305 12392 12378 12393 12394 12466 12262 12306 12467 12395 12468 12934 12469 12517 12737 12738 12739 12905 12917 12944 13244 12860 12951 12866 12872 13067 13074 13252 13253 13098 13185 13186 13269 13281 13297 13283 13323 14277 14141 13313 13348 13352 13390 13391 13373 13422 13421 13563 13270 13446 13327 13465 13466 14808 13491 13502 13503 13538 13710 13961 14046 13995 13994 14053 14057 15442 14067 14074 14229 14123 14122 14165 14186 14231 14199 14166 14217 14250 14272 14341 14845 14321 14344 14483 14364 14365 14389 14390 14592 14452 14514 14544 14601 14694 14695 14690 14652 14707 14745 14747 14787 14991 14846 14965 14919 15026 15142 15049 15144 15166 15196 15332 15366 15439 15441 15453 15594 15605 15677 15742 15957 15973 16263 20759 21028 20338 20319 26385 21598 20704 20333 20538 21818 22133 22486 22380 22691 22645 22724 22698 22671 23604 24398 24408 26454 26708 26769 27493 35665 35666 35734 35713 36139 36140 36141 36142 37553 37560 37575 38671 38672 39332 39351 39362 39381 39420 39424 39504 39505 40065 40204 40635 40636 39951 39583 39770 40509 40352 42546 40738 40816 40738 40047 41223 42853 42477 42478 42480 42481 43253 42485 40990 42530 42734 12294 12536 12465 22563 24265 22573 22576 23760 38794 23726 23087 24358 22989 23032 22940 23815 25010 24207 24318 24720 24157 25676 24414 24453 25560 24357 29217 23658 24992 25860 26012 26119 26969 26693 27055 27360 27440 28003 27893 27967 28092 28360 28324 28382 28392 28470 28596 29072 29454 29491 29351 29652 30678 29522 29669 22602 22672 22610 22612 22313 29518 22331 22697 22687 22993 22988 22805 22688 22873 23746 36981 30575 22941 22922 39853 36995 23064 38824 38899 38944 13903 14135 13966 14093 14516 14450 17471 14767 14639 14966 15012 14455 14856 14974 14769 15021 15064 15121 15330 15377 15512 17634 15657 15688 17629 16113 8643 10143 11638 11704 12043 11910 11169 10450 10923 10614 10594 10595 10663 10711 10721 10903 11076 11491 11570 11428 11619 11443 11425 11444 11466 11629 10964 11133 10952 11225 13927 11868 11109 14146 11359 11201 11094 11908 11284 11617 12614 11732 11872 11429 12079 12114 12231 12232 11963 11670 11630 11712 30593 16107 16271 16281 16152 16394 16401 16509 16563 16364 15615 15912 22725 22905 22957 16213 22653 23518 24095 25591 31028 31071 31119 32080 32081 16640 16684 16592 17596 16619 16628 19151 16707 16727 16717 16877 17654 17653 16673 17397 19382 27421 20779 17994 18114 19349 20392 19105 19127 19334 19350 20334 13954)]
["https://www.gutenberg.org/wiki/Punchinello_(Bookshelf)" (11177 9481 9549 9898 10018 9960 9961 9962 10013 9544 9545 9636 9658 9819 9797 9877 9885 10014 10015 9953 10016 10019 10017 10032 10033 10034 10035 10036 10047 10092 10091 10104 10105 10106 10144 10292 10544 10933 10934)]
["https://www.gutenberg.org/wiki/Racism_(Bookshelf)" (19560 13444 19200 12648 12902 14378 6687 8578 17009)]
["https://www.gutenberg.org/wiki/Reference_(Bookshelf)" (17124 3008 926 5402 1989 972 13240 11431 20851 19499 14091 12342 200 13600 19699 19846 20776 9097 5255 8467 5681 20470 14314 12426 18854 19552 18362 14403 15718 22)]
["https://www.gutenberg.org/wiki/School_Stories_(Bookshelf)" (3499 2788 22787 10027 20730 18019 7820 24025 18505 21656 21687 146 19514 137 23964 21594 23763 5141 20354 10317 12083 21312 20472 15344 17811 4940 11718 22307 1480 21452 23644 19855 15839 21035 21039 21037 20991 21036 21137 21044 17636 21894 5780 15795 22163 23286 14772 21118 21102 22183 6444 157 19782 6879 6877 7423 10586 8178 6984 6985 6980 6927)]
["https://www.gutenberg.org/wiki/Science_Fiction_(Bookshelf)" (19445 10002 41481 28617 29607 29390 29809 29848 29198 29768 29255 29882 29919 30691 30177 30124 30166 30452 30532 31893 31168 33016 97 201 49809 32579 28535 51650 43048 41064 32436 30971 51650 51184 22239 31501 37653 29542 51273 27392 29303 51397 51132 604 29618 23688 31840 30427 31547 1607 51274 24517 51129 23148 51546 29623 8681 51823 51330 29310 29298 30307 30303 32029 29475 23868 22701 7052 7303 624 6903 14301 24277 30311 30770 30679 24382 29133 31778 32360 33850 30715 29750 32498 32801 30476 22958 32447 25776 51311 51616 29698 32237 51852 32272 29271 2509 31701 50904 26206 26332 26772 51395 32124 51115 30796 28063 32664 22544 41622 41624 41627 41651 51171 20796 19726 50566 31619 28650 29060 26521 29206 29720 29142 29948 51758 30884 27053 30828 26191 40968 51589 34420 22967 51726 29466 29416 62 8748 19515 64 8749 8750 68 8751 72 1153 8766 605 8765 123 545 8757 20802 551 8763 552 8764 553 149 8759 96 8756 369 8762 29976 26856 27462 23790 20707 20988 20154 13083 23146 51519 27968 26855 17958 32207 24977 29632 40970 31922 29625 18668 26968 50928 32181 27595 32131 36867 22513 50935 38287 32833 35759 32079 23147 51153 28453 22545 51081 51136 30382 24180 22892 24723 23339 24779 22426 28486 22597 51533 50889 30283 11583 51363 22102 32684 31767 32104 31287 23160 24101 32651 31062 24152 25567 31651 32078 26190 29139 22527 19066 25780 21094 21638 20859 20551 29059 51028 29735 51035 50893 29181 31981 51751 32541 22466 32665 32209 32212 24949 51518 32344 33839 48880 50884 31599 23103 50940 41905 41981 51046 19471 30234 50103 50876 31286 32395 51168 20212 51814 31587 18768 24196 30199 40953 24973 32551 33790 51398 51713 26569 29954 30491 32127 28554 28644 28698 28767 31516 29132 41562 32522 32832 32032 30255 40964 32154 32398 29717 29202 29965 17026 8086 17028 17138 16721 19000 17027 17029 18224 17030 50890 50802 51699 51605 23928 26743 25295 27631 23651 139 8614 126 8613 51241 33969 29794 32737 30416 51801 8735 19964 51231 23762 26751 50835 32427 51255 30189 32208 49754 29384 32905 29771 22171 27248 30214 51257 50826 51396 50863 19660 22754 50682 51498 21582 32162 32705 20856 50571 31262 29559 31962 51588 30267 29140 28933 23535 51256 51570 51475 31897 24543 29046 23831 4920 5965 5699 5703 32067 30251 24975 27588 20739 30371 22590 29749 51854 28451 29355 31665 51866 32637 22346 30901 29936 29994 32592 40961 32764 29989 51741 29990 23767 23102 24187 32780 31929 37448 27110 50063 25067 41027 32054 51185 51508 32657 23960 23561 24436 30742 30583 28643 23764 24005 24707 25234 24064 24054 24091 24166 30833 30337 30497 26109 30308 25028 24302 24521 32088 25713 25644 24135 30832 23534 22767 25061 30304 32953 24198 22763 30869 32347 23198 24529 23335 23563 25166 23198 30816 22332 23657 22338 24444 22342 30434 29159 51194 28450 49693 51304 30015 23592 23301 40992 27383 22585 23799 30322 25628 22549 51805 18139 20147 24495 51571 26936 27491 26883 51234 19476 19231 31324 50988 51834 51844 13423 51842 51201 21988 49897 51362 29310 29298 30307 30303 29053 27464 29475 32847 32486 28062 28832 24870 32317 30348 30014 27609 23509 51688 51623 51499 51320 51657 51305 23426 50818 22596 51202 51350 51832 51351 23872 29963 29204 28346 22540 22541 30019 21873 22073 22966 29471 30381 27645 28045 29488 9862 29290 30361 23210 29492 24721 30353 28647 29947 40992 10966 10002 10662 46222 46339 46534 46535 46615 46616 48866 49511 50971 28437 42254 42209 42664 42243 42182 42236 42259 42183 32759 42188 42196 42227 30034 26955 30379 50989 285 23337 29742 29242 22218 51297 29328 23889 51622 24397 30029 30259 22767 30288 51855 24375 22332 23657 22338 22342 30434 26795 30454 26906 40993 50783 22526 28118 26093 51075 24221 51662 24192 26867 51167 26890 30062 26140 51494 29135 29421 22560 27921 29908 29619 51233 52228 41714 51531 51845 32108 32584 31207 24161 24118 22462 24750 24567 24864 51597 51824 29987 51603 51596 51668 23161 51774 51258 51509 51267 21627 23028 26782 51781 51712 21782 23379 51727 17394 13841 29975 51609 27665 22470 51152 50819 51549 22579 51436 51082 23164 51353 51493 51530 50753 29662 51101 25024 23162 51461 51380 29504 50905 24104 23439 24149 42901 51782 30408 41637 51752 29455 50719 23612 26174 35425 23636 50999 20920 42987 18361 17870 51112 29448 24035 43046 41586 17355 23791 51102 50622 25051 18719 23845 18172 50585 22467 50022 30004 1329 29194 26205 28518 29931 28583 29418 29432 51125 23568 24151 50290 26941 50133 31469 30637 28953 23099 23091 51550 50892 51203 51249 51148 51247 50774 51193 50766 24792 32828 32077 32076 24965 32735 32748 32353 51414 32613 32676 32149 31841 30329 32134 32133 32890 27019 30386 51286 26966 32150 32953 51296 26968 32827 32351 50449 32820 25684 30383 23930 24122 50981 24189 51076 23678 28048 28543 23429 26180 24399 29889 50921 29962 32243 30438 29578 31703 30380 30045 26989 22132 29326 29069 29401 22512 3479 765 32587 41062 29195 51053 29209 31215 51651 29643 29170 51331 18257 23149 28550 24246 30044 51240 22623 22524 51009 29897 50796 51121 50885 26882 13716 33642 51335 23571 51433 51449 30767 51072 33934 51344 51420 28893 29308 27696 29019 19029 16921 18458 19090 20788 18846 25550 19651 19145 18817 22866 49165 22875 24276 41565 22869 23882 22882 24275 22876 49531 22867 22881 24274 51321 24290 22997 18492 32530 25438 50332 40969 29822 24121 30252 49762 51408 26536 51379 39572 29354 23308 28645 18584 19445 19478 19474 19370 19076 18137 20649 18109 20727 20728 20726 20659 19338 18105 18807 18800 19067 18861 18151 18342 18632 18949 19102 18460 18641 20121 18814 18346 18261 18855 19158 18831 22559 29503 32004 51310 51804 51814 30399 52228 51809 31979 51845 27756 41049 29793 24278 51445 51407 32697 1250 19111 23588 24119 30468 29356 24749 23194 29940 51799 30338 24247 29206 26741 27393 24370 30035 40954 23929 30339 23197 23669 30334 23942 29027 24150 29789 30242 29789 43038 35103 49767 29680 51170 51268 51483 51008 29601 51027 29620 19526 19709 21092 18753 19027 18786 18520 6714 4994 7473 6468 8612 6717 14665 19731 20132 51740 29910 41029 51091 23591 51669 24865 29160 29727 40991 30305 32734 30010 29299 29966 30140 30764 21897 21510 30493 30458 30728 30398 26292 24558 24395 21541 8673 6630 19141 21670 8199 18431 9194 26956 24927 24966 32321 51342 51288 50827 50848 32230 50869 50877 51822 50834 51735 51435 26843 43041 51615 28156 33871 50668 23159 28438 29196 28031 31736 28976 28515 28516 33854 9055 9056 29446 29458 29876 32040 29487 29445 32346 29525 51833 32041 50844 51768 20919 51545 29509 29548 29579 32339 29168 51210 31716 28954 28894 50945 30405 32562 51361 25035 25627 25713 50441 25629 27444 28215 27013 22216 51037 22218 32026 25086 29193 30885 28119 28030 51574 26168 29457 29702 49525 20898 49462 22754 20857 20869 21051 21647 49651 20782 32706 22629 23104 31686 29138 31644 51413 49838 51337 51050 29791 31648 50872 31664 51126 51867 50847 31626 31583 28892 32688 51681 23599 18602 20519 23884 23931 50406 19963 51868 51810 51336 28922 29272 51656 49901 22176 51478 51682 51773 51610 29038 29437 41084 29535 31364 24791 32303 51434 31956 50936 51421 51482 27492 28646 51460 28608 31038 51736 27730 43235 50702 24566 51137 49826 26010 23408 26761 24955 21568 51122 50948 32654 51150 24913 23153 26966 29790 29317 23872 30330 32574 24655 19174 23185 29146 25713 30437 27797 30002 22589 22110 50800 51047 51576 29205 29599 20000 6538 5097 5095 5096 11205 11393 14287 16457 4717 799 38674 8986 83 19362 19513 18857 3748 8983 12901 1268 8993 22580 10349 1353 8984 164 2488 6538 4791 28883 22154 29321 29408 21279 30240 50842 24380 22227 23920 50969 50998 50959 51295 24958 50736 30086 50868 28047 32906 33842 31355 32903 29389 24282 51767 51092 50561 22897 23731 22895 22893 22301 22890 22538 28111 29832 27143 28628 26917 11870 456 1013 8972 11696 159 8971 12750 27365 35 6620 1743 36 8976 775 8978 12163 1059 8968 25862 26967 29149 51663 29410 27089 51687 30474 24418 50923 27019 50713 33644 51232 24392 29240 50138 32563 52009 32683 32696 49779 32359 31948 26066 29177 29283 42111 30063 51759 20553 24928 30170 22226 51534 30475 29309 28705 20838 29293 29118 29353 42914 25078 23443 28924 23232 26957 50924 51074 50980 29190 29322)]
["https://www.gutenberg.org/wiki/Science_Fiction_by_Women_(Bookshelf)" (28617 29809 30691 43048 30427 32664 22544 20796 19726 31619 28650 30283 26743 23301 30348 30014 27609 30034 24750 23379 28550 30044 29019 19029 16921 18458 19090 20788 18846 25550 19651 19145 1250 29789 30242 84 41445 42324 6542 20038 18247 23104 31686 29138 31644 29791 31648 31664 31626 31583 23185 29205 29599 23920 24928)]
["https://www.gutenberg.org/wiki/Scientific_American_(Bookshelf)" (27867 29411 8951 8952 19180 19406 38481 43282 38480 18866 38482 21081 8195 8297 8391 8408 8296 17817 18345 8483 8717 8504 8559 8687 8452 18763 8862 8950 15417 8742 8718 11344 9163 16353 8484 9076 15833 16773 11385 9266 13962 11647 11734 14041 11735 14097 13939 27662 12490 9666 16792 11761 13401 13399 11383 16360 11736 11648 11662 11498 16948 15889 16354 16270 17167 16671 27667 38403 24322 16972 17755 14009 15708 13443 11649 13358 15050 14990 13640 14989 15051 15052 15193 24323 21225 18265)]
["https://www.gutenberg.org/wiki/Scouts_(Bookshelf)" (29558 28490 29147 26475 28983 29253 28726 17300 15715 6673 23875 236 1937 2781 557 15976 2226 2334 8649 2225 7050 20040 9833 7356 19495)]
["https://www.gutenberg.org/wiki/Scribner%27s_Magazine_(Bookshelf)" (41871)]
["https://www.gutenberg.org/wiki/Short_Stories_(Bookshelf)" (1980 2035 10577 2047 2359 2071 15610 9987 2038 1831 6039 6040 2135 2588 13437 1552 5603 5741 5336 10947 2043 11437 18464 18465 18734 18776 19323 19324 19325 15143 10135 12758 2031 20831 15381 15252 15466)]
["https://www.gutenberg.org/wiki/Slavery_(Bookshelf)" (4677 24600 11275 11271 11272 11273 11274 13990 16081 17604 11489 10619 15398 12101 15132 23956 23034 15459 28242 10611 12428 12507 10633 10386 585 13986 10898 202 99 23 28064 24194 17971 15128 14555 25277 13176 24968 22100 24613 11490 11137 15263 203 11171 28031 17827 27767 28197 13642 20752 20906 21093 23200 16516 2376 9580 15735 21851 584 15698 19446 36020 11255 13700 19446 25154 11544 11709 11422 12297 13602 22166 13579 18485 13579 11485 11920 11552 12055 35379 22976 31219 13217 20785 18912 21508 36022 28170 19932 30576 30967 35380 35381 28973 13847)]
["https://www.gutenberg.org/wiki/Sociology_(Bookshelf)" (31529 16135 27891 35409 27827 26117 14117 35534 27070 23680 16254 24708 23609 31732 28402 21840 13722 26837 13906 27752 31671 24766 13467 19560 19594 24854 25044 21418 34299 29327 35949 24001 28458 14445 24524 23860 18439 31861 29056 27146 6868 22170 30230)]
["https://www.gutenberg.org/wiki/South_Africa_(Bookshelf)" (22323 21899 1039 14900 1452 14466 16399 15787 22886 24821 19729 18203 16543)]
["https://www.gutenberg.org/wiki/South_America_(Bookshelf)" (21699 20910 3620 22483 19209 7499 7847 8159 6322 7014 7254)]
["https://www.gutenberg.org/wiki/Spanish_American_War_(Bookshelf)" (4294 16231 21075 3050 11102 13893 6888 11464 16598 4210)]
["https://www.gutenberg.org/wiki/St._Nicholas_Magazine_for_Boys_and_Girls_(Bookshelf)" (17513 15373 19399 15331 15374 23926 16173 16123 21898 29983 17409 17466 32622 39846 36750 36035)]
["https://www.gutenberg.org/wiki/Technology_(Bookshelf)" (19533 24681 33912 18448 21281 23319 29269 27632 25269 32282 34942 29967 7980 34124 24441 19757 19759 19758 19759 29420 18229 18548 18065 18012 21083 17302 18408 19037 18722 25220 16440 18747 17777 18785 18795 33706 25454 18878 28160 17569 19799 35344 14873 25222 17137 18748 16938 32048 25373 26440 26670 24885 19049 35916 31179 34701 27687 7886 22657 10998 17783 20209 21978 20146 35001 27286 28166 27298 30055 34774 22298 7969 19547 34562 25420 34633 31023 14177 28397 29285 25544 33437 31407 30112 27468 27574 30688 27469 34061 34765 33154 13783 6934 17625 22766 28335 15617 12839 31024 29926 35121 24762 35824 24423 29633 12762 15308 21724 34114 16378 19073 24510 30936 8900 25050 35597 20889 21592 17776 34348 36092 17740 19985 21224 24076 16260 35709 24637 33183 28553 17576 30001 33198 32482 33287 28569 25731 31756 26598 33176 24077 12299 35510 4659 17370 12443 24858 25025 19423 25823 20698 20317 14600 29048 32962 15622 30066 15622 33941 17855 27137 20663 30850 31415 30676 25990 20763 34030 15460 17935 20846 30215 23770 23991 22107 21531 24219 25731 32677 28109 21534 15147 17585 16605 12642 24568 26120 34903 20386 20776 21032 28457 31630 24964 26113 34854 19740 33502 24682 22029 22325 31714 26068 24165 33951 29382 35582 38658 21829 14824 35066 34097 10136 14715 13493 12366 7350 8996 6598 24656 20557 35567 31691 15237 21271 19031 15069 20871 30478 22114 32472)]
["https://www.gutenberg.org/wiki/The_Aldine_(Bookshelf)" (15092)]
["https://www.gutenberg.org/wiki/The_American_Architect_and_Building_News_(Bookshelf)" (21596 15322)]
["https://www.gutenberg.org/wiki/The_American_Journal_of_Archaeology_(Bookshelf)" (20153)]
["https://www.gutenberg.org/wiki/The_American_Missionary_(Bookshelf)" (29165 29556 29074 30459 30158 31169 36350 43870 11762 11763 11764 12087 12118 12134 13907 14102 13641 13584 14383 16083 16084 16103 16104 16118 16141 16147 16153 16154 16159 15914 16172 15909 15231 15362 15609 15647 16036 14631 16060 26195 15666 26794 15887 18001 19903 26022 21595 21952 20093 26996 19890 16216 25906 25782 25958 26079 27714 28468 28541 28712)]
["https://www.gutenberg.org/wiki/The_American_Quarterly_Review_(Bookshelf)" (28012 35739)]
["https://www.gutenberg.org/wiki/The_Arena_(Bookshelf)" (19110 19603 20281 22419 23802 25909 30081 33646)]
["https://www.gutenberg.org/wiki/The_Argosy_(Bookshelf)" (17051 18372 18373 18374 18375 17052)]
["https://www.gutenberg.org/wiki/The_Atlantic_Monthly_(Bookshelf)" (8498 10138 8947 12319 12373 12372 12374 8903 10079 10626 10456 10435 10867 21273 10695 11606 11687 11525 11727 11751 11196 9265 16430 9381 9391 9467 11173 19995 9389 9396 9472 9486 11604 11061 11087 10854 11103 11465 11118 11117 11134 11155 11170 12285 11154 11157 11316 11358 11415 11524 13924 12066 12760 12097 12107 12310 9493 9876 9946 10077 11158 11159 12412 12785 12593 12023 13026 35226 15016 16033 13631 15838 16028 15913 16200 15819 19492 15880 15860 19827 31838 16057 20350 16087 24885 29516 26047 30157 30265 30611 30862 31051 31454 32232 32546 19996 20088 33009 33262 21009 21288 21408 21902 22375 22927 23040 23743 25216 26963 17217 18914 19779 33451 38270 28285 28630)]
["https://www.gutenberg.org/wiki/The_Baptist_Magazine_(Bookshelf)" (30769 37583 40252 40542)]
["https://www.gutenberg.org/wiki/The_Bay_State_Monthly_(Bookshelf)" (9174 15924 15925 13680 13632 13761 15926 13741 13864 14131 14132 14689 17721 17722 17723 17724 17725 17726 22621 22758 22783 25072 25116 25064)]
["https://www.gutenberg.org/wiki/The_Botanical_Magazine_(Bookshelf)" (17198 17531 17672 17979 19123 21843 23579 24670 38382)]
["https://www.gutenberg.org/wiki/The_Brochure_Series_of_Architectural_Illustration_(Bookshelf)" (13489 15091 18852 19262 19364 19444 15270 19769 25735 14987 15020 24776)]
["https://www.gutenberg.org/wiki/The_Catholic_World_(Bookshelf)" (39367 40068 41032 43032 43524)]
["https://www.gutenberg.org/wiki/The_Christian_Foundation_(Bookshelf)" (26278 28066 28075 28126 28297 28601 28668 28669 28672 28673 28677 28678 28710)]
["https://www.gutenberg.org/wiki/The_Church_of_England_Magazine_(Bookshelf)" (31430)]
["https://www.gutenberg.org/wiki/The_Contemporary_Review_(Bookshelf)" (30048 39459 39517 40315 39459)]
["https://www.gutenberg.org/wiki/The_Economist_(Bookshelf)" (27647)]
["https://www.gutenberg.org/wiki/The_Esperantist_(Bookshelf)" (38240 28720 28721 29403 30991 30992 32313 32314 34042 34043 37642 37643 37644 37977 37978 39840 39841 39842 44130 44131 44128 44666 44667 44668 49232 49233 49234)]
["https://www.gutenberg.org/wiki/The_Galaxy_(Bookshelf)" (30415 31085 35112 32616 32617 32075)]
["https://www.gutenberg.org/wiki/The_Girls_Own_Paper_(Bookshelf)" (18195 18293 18414 18395 18501 18980)]
["https://www.gutenberg.org/wiki/The_Great_Round_World_And_What_Is_Going_On_In_It_(Bookshelf)" (15325 15326 15358 15386 15404 15428 15451 15452 15457 15471 15716 15518 15539 15613 15601 15619 15631 15650 15740 15827 15785 15789 15828 16139 15916 15917 15918 15919 15970 16024 16025 16029 16030 16031 16032 16175 16176 16177 16179 16191 16192 16475 16498 16580 19203 18663 19081 18745 18746)]
["https://www.gutenberg.org/wiki/The_Idler_(Bookshelf)" (25083 22130 23734 25189 25372)]
["https://www.gutenberg.org/wiki/The_Illustrated_War_News_(Bookshelf)" (18333 18334)]
["https://www.gutenberg.org/wiki/The_International_Magazine_of_Literature,_Art,_and_Science_(Bookshelf)" (21528 12975 12982 13053 13241 13643 13711 13796 13797 14431 37872 22694 26196 24902 25325 29246 36131 33965 36124 36405 36564 37904 20955 20102 31162 35345)]
["https://www.gutenberg.org/wiki/The_Irish_Ecclesiastical_Record_(Bookshelf)" (31749 38751 33436 35893 35465 36883 36889 39226 37044 39098 33708)]
["https://www.gutenberg.org/wiki/The_Irish_Penny_Journal_(Bookshelf)" (38817 42201 43528)]
["https://www.gutenberg.org/wiki/The_Journal_of_Negro_History_(Bookshelf)" (13642 20752 20906 21093 23200 22149 24484)]
["https://www.gutenberg.org/wiki/The_Knickerbocker_(Bookshelf)" (45624 45237 45285 45318 45429 45538 47819 47805 44591 19383 19542 20444 20845 22172 25475)]
["https://www.gutenberg.org/wiki/The_Mayflower_(Bookshelf)" (29951)]
["https://www.gutenberg.org/wiki/The_Menorah_Journal_(Bookshelf)" (22300)]
["https://www.gutenberg.org/wiki/The_Mentor_(Bookshelf)" (43257 27586 36344)]
["https://www.gutenberg.org/wiki/The_Mirror_of_Literature,_Amusement,_and_Instruction_(Bookshelf)" (9882 9883 9884 9918 9919 9922 10026 10074 11321 11401 12595 11387 11330 11384 15935 15944 11375 15945 11369 16098 11341 10896 11407 11388 11412 12496 11326 11378 13587 13899 8640 11362 12873 10331 10332 10475 11264 11267 11370 11389 11320 10845 15087 11281 12438 11282 11336 11210 11312 11406 11528 11405 11404 10730 10719 11408 11386 11445 11420 12017 10838 11112 11342 11390 11382 10950 12477 12897 12898 11322 13644 13578 12498 11331 11740 3246 12899 11742 11348 11343 11347 11487 11340 11338 11611 11710 11350 11361 11486 11233 11516 11332 11462 11519 11219 11455 11518 12063 14011 11411 13359 11456 11245 11246 11222 11459 11234 11433 11235 11446 11447 11457 11458 11463 11442 11460 11258 13199 13495 12575 12618 12619 12685 13829 12567 12568 12576 14022 12597 12598 12599 12645 12766 12781 12965 12966 12650 12634 12676 13935 13108 14230 13090 13113 13382 12601 11530 11537 11538 11515 11566 11885 11539 11540 12497 11886 11741 12550 12551 12552 11567 11542 11543 11551 11569 11743 11871 11612 11613 11616 11631 12553 12554 12574 12583 11637 11706 11705 11695 11568 11862 11865 12147 14024 11541 11887 14007 11864 12054 11863 11903 14010 11888 11932 17728 14008 15536 12530 12531 12543 12521 14124)]
["https://www.gutenberg.org/wiki/The_Mirror_of_Taste,_and_Dramatic_Censor_(Bookshelf)" (22488 26628 26178 26954 27109 27138)]
["https://www.gutenberg.org/wiki/The_National_Preacher_(Bookshelf)" (18329 13824)]
["https://www.gutenberg.org/wiki/The_North_American_Medical_and_Surgical_Journal_(Bookshelf)" (29307)]
["https://www.gutenberg.org/wiki/The_Nursery_(Bookshelf)" (24474 24475 24476 24477 24478 24479 24938 24939 24940 24941 24942 24943 14170 14335 19821 16522 16524 21047 28129 28130 28131 28132 28133 28134 28135 28136 28137 28138 28139 28140 28141 28142 28143 15928 14493 17536 40752 40753 40754 40755 40756 40757 42156 42157 42158 42159 42160 42161)]
["https://www.gutenberg.org/wiki/The_Philatelic_Digital_Library_Project_(Bookshelf)" (20562 19756 19414 19588 18491 19984 18889 18890 19982 18084)]
["https://www.gutenberg.org/wiki/The_Scrap_Book_(Bookshelf)" (32147 32119 32120 32121 32122 32123)]
["https://www.gutenberg.org/wiki/The_Speaker_(Bookshelf)" (28498)]
["https://www.gutenberg.org/wiki/The_Stars_and_Stripes_(Bookshelf)" (25085)]
["https://www.gutenberg.org/wiki/The_Strand_Magazine_(Bookshelf)" (41613 42633 40084 29911 30105 30222 20798 30443 24188 10020 41793 37484 38820)]
["https://www.gutenberg.org/wiki/The_Unpopular_Review_(Bookshelf)" (15876 38514)]
["https://www.gutenberg.org/wiki/The_Writer_(Bookshelf)" (26128)]
["https://www.gutenberg.org/wiki/The_Yellow_Book_(Bookshelf)" (41875 41876)]
["https://www.gutenberg.org/wiki/Transportation_(Bookshelf)" (17691 10751 12380 26030)]
["https://www.gutenberg.org/wiki/Travel_(Bookshelf)" (36069 39806 45531 39496 39185 38447 38253 39615 17592 38175 38389 37472 36249 36375 38303 38404 39917 36974 36963 37276 38961 29420 35763 36924 38265 37615 28323 38784 29306 38556 37765 38351 36126 6653 6749 6825 27250 30697 26059 39334 38249 36698 36435 36387 36654 39918 36746 38351 35268 37220 39465 45535 36675 35347 33129 33130 29388 38815 36878 38203 38276 38968 20709 37669 36962 39013 36802 24891 38296 31111 22117 38319 26705 22749 38827 38828 39470 39421 37839 25729 39448 38178 36242 38044 37993 37502 37687 21499 38183 24419 38735 37599 37339 24452 39685 16445 39026 37206 38767 38938 36643 39308 37937 36967 39082 38222 6317 39341 39342 39343 37814 37400 944 3704 6951 6317 1082 22117 39474 38869 37889 37947 12064 8106 15777 15869 24777 38456 38462 38478 3177 11039)]
["https://www.gutenberg.org/wiki/United_Kingdom_(Bookshelf)" (16545 10494 20488 20489 15537 22261 3476 20300 22546 21500 1992 6659 17833 4245 20982 22553 23469 23470 23471 23472 9947 20023 24780 16965 6469 1265 13103 6910 7086 699 9690 4769 20897 8556 10700 19218 17037 23642 24254 19211 19212 19213 19214 19215 19216 10574 16679 16496 13624 16511 16536 16555 16610 16617 16669 16738 16748 16749 16760 16761 16762 3144 1468 20273 20274 20275 20276 20277 2439 20976 2612 2613 2614 19217 6727 6134 10807 6358 21660 17306 13046 11138 15955 23488 3260 11356 13926 14472 11416 18821 12857 16438 13890 35276 11403 382 24635 21324 5609 27995 27356 20310 20310 21411 21643 21218 25508 21648 28742 13436 19800 20990 6699 15167 24551 9878 22485 22765 10451 2064 28057 10451 9973 10795 17472 17799 19470 18176 3232 2888 13789 16647 14782 21276 20237 21591 22397 21688 22832 13331 19881 20191 21003 19424 19715 25189 22880 23668 23668 21511 19494 25266 24616 22269 19511 20346 19420 1216 21284 1936 1149 983 9688 14742 3799 11642 5406 13944 7453 14735 8914 5249 17297 9822 10823 19004 17299 2445 3122 23186 24505 24790)]
["https://www.gutenberg.org/wiki/United_States_(Bookshelf)" (16780 19785 5 23903 19581 19582 1404 22788 10065 18637 3291 3032 14104 10485 15319 20925 22567 23748 22676 22777 24023 6434 16960 22985 22986 12423 22675 7131 6896 11313 21427 24062 24596 24561 7064 9997 6933 3721 21012 24658 22305 21880 9104 23565 24195 24741 24906 24765 24541 2128 22591 22594 22994 23507 21381 24728 24713 24712 24722 34844 12266 22796 22871 22965 23066 23857 24626 1015 24752 22302 22731 23280 23155 24159 24717 24816 24868 3066 12855 12523 2898 3043 3092 3093 2704 3032 11702 3004 3291 18941 3073 3014 3098 12764 3034 2836 3035 2649 2897 3410 14825 3099 2900 3036 3037 3038 13107 3040 3041 2899 3157 2835 3042)]
["https://www.gutenberg.org/wiki/United_States_Law_(Bookshelf)" (10000 1 16780 5 2 1404 2449 6167 18637 3291 10065)]
["https://www.gutenberg.org/wiki/US_Civil_War_(Bookshelf)" (3653 5207 6094 7862 3811 9745 12532 17677 21321 22702 23733 13334 375 5661 7504 21681 9839 11719 12808 6958 29387 29300 28391 11904 5388 5389 5390 5391 5392 5393 5394 5395 5396 22913 6979 73 463 25004 23182 25814 8462 19135 18721 29786 30263 2059 23871 11565 2805 19154 22066 2766 22906 24204 32993 31524 2766 31771 31772 31773 31774 31775 31776 31769 14153 23555 23548 33970 23624 18579 18264 18617 18816 18803 18678 35206 24866 25440 14595 25886 332 26725 12015 6846 15414 26892 19194 6128 5309 5437 5320 12541 13789 4668 26747 3837 28386 35697 35479 23565 26750 35459 25764 20460 15829 24307 21909 31867 19404 32611 31783 21853 32017 26783 14004 23733 18765 31998 35581 18379 24561 3686 33357 28481 32951 34843 28571 10692 8424 31895 6961 6962 31049 31887 31192 19831 25004 22584 13124 30597 5715 20762 24972 24195 31232 24341 31453 24307 2897 35692 24438 20928 31353 24281 29660 24307 31566 33625 5860 5861 5862 5863 5864 5865 1067 1068 4367 24612 28926 29264 24653 6812 11708 25994 12233 6764 26276 4098 29313 33286 24539 24469 24606 33211 31087 22100 32015 32028 29608 24906 32043 32039 19705 24088 2323 35427 9 8 22082 4 7547 8110 14274 14721 5024 3626 2653 2654 2655 2656 2657 2658 2659 3253 26455 31258 1864 7133 7134 7135 7136 7137 7138 7139 7140 35700 32247 32595 26455 31075 25603 4257 4258 4259 4260 3072 31770 24307 35578 12384 12841 33280 22067 12800 12801 31048 32031 1815 6812 11708 16332 22586 24548 30822 25492 28951 32073 16622 36752 20509 15006 16480 24537 24612 31584 32111 33756 12462 27101 1864 32268 21417 27853 13163 34827 31468 24740 5854 5855 5856 5857 5858 5859 2651 2652 4362 5850 5851 5852 5853 2616 2617 4361 24541 32604 23846 24385 26276 2836 3035 1713 21976 15644 26561 33179 23747 32650 33718 32246 27969 32019 33585 8648 21853 13202 24612 22925 35725 4546 33962 21977 31339 32013 2649 24612 24585)]
["https://www.gutenberg.org/wiki/Western_(Bookshelf)" (12281 12797 1987 12884 12919 12791 4082 6488 5099 11501 13135 1204 12495 9267 1723 1206 1740 938 12139 13670 1299 1908 538 8537 14542 12192 15625 1014 12663 19166 14334 1907 16871 12570 14486 2063 14456 9925 10324 10066 9791 12436 10601 9867 11880 1897 11093 10886 9903 4975 4984 20104 20223 1261 4552 1881 15673 502 10201 1262 2057 9932 1095 1027 3457 13937 5067 385 1300 6537 15580 1239 12225 2070 4684 2066 1882 19246 18660 19695 1312 1371 19928 20126 4922 2546 9905 23624 20840 1809 1390 1298)]
["https://www.gutenberg.org/wiki/Witchcraft_(Bookshelf)" (14015 27386 14461 8743 24518 19900 18253 17845 26978 22822 17209 17203 12288 20411 27386 31511)]
["https://www.gutenberg.org/wiki/Women%27s_Travel_Journals_(Bookshelf)" (18297 7099 21201 12422 14466 9408 22409 23031 18910 45542 17587)]
["https://www.gutenberg.org/wiki/World_War_I_(Bookshelf)" (3317 28145 17813 25076 16437 11500 33929 45542 18483 4550 9279 11394 12454 7515 46256 34907 20464 25470 18497 12013 22628 20616 20215 9975 46210 44244 19814 12644 18325 17291 19871 33001 22677 11008 11513 15896 3306 19317 22021 35119 46191 10967 22523 10972 17109 19822 10098 19941 10338 13665 19379 22103 10362 22523 40087 15896 25341 16588 15524 47248 26930 46114 46115 46116 47269 10080 14055 14676 15464 20111 32472 33635 16552 14066 30047 30011 24570 6977 6082 26879 24572 25244 793 46299 30047 7947 45718 23601 29685 33438 42604 42374 26474 30114 10409 33769 16690 19849 20335 35075 18390 17584 17316 16626 12401 16675 24981 24862 29333 11232 25951 30264 21833 33278 18160 11730 9874 18177 17813 42446 24538 21991 7238 3317 11682 10918 24570 19655 19317 22021 16056 12877 13279 23533 10967 11211 34440 16992 16078 26548 18364 35104 30285 20616 19876 32051 18963 16685 17292 24572 19814 19857 12330 33001 18078 18134 17587 46323 19693 16355 16868 41252 11414 30179 34985 27229 25683 34421 34069 13247 42490 12880 10589 18910 16521 15896 46300 26884 33001 17587 33841 20435 13045 29443 29501 29493 26982 33834 33834 9789 6140 21671 12571 14626 14711 13020 12870 12805 6083 12682 27674 12938 12939 22079 17967 22095 33990 41737 38714 39801 42943 39150 39912 35362 36500 37600 40073 36499 26641 45135 26642 39489 17744 12957 25145 20834 18838 19957 21787 33480 29991 12810 7494 20995 36424 33532 44348 4380 7826 12269 30791 559 560 25452 11144 44979 46549 25152 25037 45960 16929 8440 14044 24945 23874 4400 27382 33622 12908 14060 14602 11571 25951 33335 30596 20566 13993 15758 37561 33902 8820 7515 16904 40345 10122 16632 353 9388 33681 18333 18334 11571 17778 17511 16282 18993 7189 17211 25962 25963 16513 28257 18213 23861 29270 29265 29340 29341 29385 34161 34444 16598 6870 19179 17737 31457 11200 11352 17998 3779 10809 20136 20395 20377 20250 20115 16660 17369 20468 16974 20527 19379 18659 22028 22074 25341 25342 33119 33932 34226 20694 10097 17158 10291 1804 11289 33889 18380 10444 14477 15776 14870 10090 20937 32608 34223 46192 19906 19710 19117 18125 17918 17206 17111 16979 16945 16495 16089 15937 15266 15194 15033 14728 14625 14447 13827 11641 10881 10837 10642 10629 10159 10147 9384 3227 1484 1272 14086 2990 9887 11011 11947 18004 18042 19413 21877 22821 22628 24810 27866 29338 33222 34031 35164 10107 46283)]
["https://www.gutenberg.org/wiki/World_War_II_(Bookshelf)" (7190 21806 8423 48836 48899 48898 48808 48810 48811 48807 20587 21805 5767 5038 5039 548 277 279 278 5212 30820 32331 32440 41753 32542 41718 42250 41715 32288 29774 32420 47307 32672 32652 32880 32900 32591)]
["https://www.gutenberg.org/wiki/Zoology_(Bookshelf)" (8502 22771 21900 14776 16370 5710 11204 1176 23403 19673 24583)]
